
Graph 1, order 5.
  0 : 4;
  1 : 4;
  2 : 4;
  3 : 4;
  4 : 0 1 2 3;

Graph 2, order 5.
  0 : 4;
  1 : 4;
  2 : 3 4;
  3 : 2 4;
  4 : 0 1 2 3;

Graph 3, order 5.
  0 : 4;
  1 : 3 4;
  2 : 3 4;
  3 : 1 2;
  4 : 0 1 2;

Graph 4, order 5.
  0 : 4;
  1 : 3 4;
  2 : 3 4;
  3 : 1 2 4;
  4 : 0 1 2 3;

Graph 5, order 5.
  0 : 3;
  1 : 4;
  2 : 4;
  3 : 0 4;
  4 : 1 2 3;

Graph 6, order 5.
  0 : 3;
  1 : 4;
  2 : 3 4;
  3 : 0 2 4;
  4 : 1 2 3;

Graph 7, order 5.
  0 : 3 4;
  1 : 3 4;
  2 : 3 4;
  3 : 0 1 2;
  4 : 0 1 2;

Graph 8, order 5.
  0 : 3 4;
  1 : 3 4;
  2 : 3 4;
  3 : 0 1 2 4;
  4 : 0 1 2 3;

Graph 9, order 5.
  0 : 4;
  1 : 2 3;
  2 : 1 3 4;
  3 : 1 2 4;
  4 : 0 2 3;

Graph 10, order 5.
  0 : 4;
  1 : 2 3 4;
  2 : 1 3 4;
  3 : 1 2 4;
  4 : 0 1 2 3;

Graph 11, order 5.
  0 : 3 4;
  1 : 2 3 4;
  2 : 1 3 4;
  3 : 0 1 2 4;
  4 : 0 1 2 3;

Graph 12, order 5.
  0 : 2;
  1 : 3;
  2 : 0 4;
  3 : 1 4;
  4 : 2 3;

Graph 13, order 5.
  0 : 2 4;
  1 : 3 4;
  2 : 0 3 4;
  3 : 1 2 4;
  4 : 0 1 2 3;

Graph 14, order 5.
  0 : 1;
  1 : 0 4;
  2 : 3 4;
  3 : 2 4;
  4 : 1 2 3;

Graph 15, order 5.
  0 : 1 4;
  1 : 0 4;
  2 : 3 4;
  3 : 2 4;
  4 : 0 1 2 3;

Graph 16, order 5.
  0 : 1 3;
  1 : 0 4;
  2 : 3 4;
  3 : 0 2 4;
  4 : 1 2 3;

Graph 17, order 5.
  0 : 1 2;
  1 : 0 3;
  2 : 0 4;
  3 : 1 4;
  4 : 2 3;

Graph 18, order 5.
  0 : 1 2;
  1 : 0 3 4;
  2 : 0 3 4;
  3 : 1 2 4;
  4 : 1 2 3;

Graph 19, order 5.
  0 : 1 2 4;
  1 : 0 3 4;
  2 : 0 3 4;
  3 : 1 2 4;
  4 : 0 1 2 3;

Graph 20, order 5.
  0 : 1 2 3 4;
  1 : 0 2 3 4;
  2 : 0 1 3;
  3 : 0 1 2 4;
  4 : 0 1 3;
