
Graph 1, order 7.
  0 : 6;
  1 : 6;
  2 : 6;
  3 : 6;
  4 : 6;
  5 : 6;
  6 : 0 1 2 3 4 5;

Graph 2, order 7.
  0 : 6;
  1 : 6;
  2 : 6;
  3 : 6;
  4 : 5 6;
  5 : 4 6;
  6 : 0 1 2 3 4 5;

Graph 3, order 7.
  0 : 6;
  1 : 6;
  2 : 6;
  3 : 5;
  4 : 5 6;
  5 : 3 4;
  6 : 0 1 2 4;

Graph 4, order 7.
  0 : 6;
  1 : 6;
  2 : 6;
  3 : 5 6;
  4 : 5 6;
  5 : 3 4;
  6 : 0 1 2 3 4;

Graph 5, order 7.
  0 : 6;
  1 : 6;
  2 : 6;
  3 : 5 6;
  4 : 5 6;
  5 : 3 4 6;
  6 : 0 1 2 3 4 5;

Graph 6, order 7.
  0 : 6;
  1 : 6;
  2 : 5 6;
  3 : 5 6;
  4 : 5 6;
  5 : 2 3 4;
  6 : 0 1 2 3 4;

Graph 7, order 7.
  0 : 6;
  1 : 6;
  2 : 5 6;
  3 : 5 6;
  4 : 5 6;
  5 : 2 3 4 6;
  6 : 0 1 2 3 4 5;

Graph 8, order 7.
  0 : 6;
  1 : 5 6;
  2 : 5 6;
  3 : 5 6;
  4 : 5 6;
  5 : 1 2 3 4;
  6 : 0 1 2 3 4;

Graph 9, order 7.
  0 : 6;
  1 : 5 6;
  2 : 5 6;
  3 : 5 6;
  4 : 5 6;
  5 : 1 2 3 4 6;
  6 : 0 1 2 3 4 5;

Graph 10, order 7.
  0 : 5;
  1 : 6;
  2 : 6;
  3 : 6;
  4 : 6;
  5 : 0 6;
  6 : 1 2 3 4 5;

Graph 11, order 7.
  0 : 5;
  1 : 6;
  2 : 6;
  3 : 6;
  4 : 5 6;
  5 : 0 4 6;
  6 : 1 2 3 4 5;

Graph 12, order 7.
  0 : 5;
  1 : 6;
  2 : 6;
  3 : 5;
  4 : 5 6;
  5 : 0 3 4;
  6 : 1 2 4;

Graph 13, order 7.
  0 : 5;
  1 : 6;
  2 : 6;
  3 : 5;
  4 : 5 6;
  5 : 0 3 4 6;
  6 : 1 2 4 5;

Graph 14, order 7.
  0 : 5;
  1 : 6;
  2 : 6;
  3 : 5 6;
  4 : 5 6;
  5 : 0 3 4;
  6 : 1 2 3 4;

Graph 15, order 7.
  0 : 5;
  1 : 6;
  2 : 6;
  3 : 5 6;
  4 : 5 6;
  5 : 0 3 4 6;
  6 : 1 2 3 4 5;

Graph 16, order 7.
  0 : 5;
  1 : 6;
  2 : 5 6;
  3 : 5 6;
  4 : 5 6;
  5 : 0 2 3 4;
  6 : 1 2 3 4;

Graph 17, order 7.
  0 : 5;
  1 : 6;
  2 : 5 6;
  3 : 5 6;
  4 : 5 6;
  5 : 0 2 3 4 6;
  6 : 1 2 3 4 5;

Graph 18, order 7.
  0 : 5;
  1 : 5;
  2 : 6;
  3 : 6;
  4 : 6;
  5 : 0 1 6;
  6 : 2 3 4 5;

Graph 19, order 7.
  0 : 5 6;
  1 : 5 6;
  2 : 5 6;
  3 : 5 6;
  4 : 5 6;
  5 : 0 1 2 3 4;
  6 : 0 1 2 3 4;

Graph 20, order 7.
  0 : 5 6;
  1 : 5 6;
  2 : 5 6;
  3 : 5 6;
  4 : 5 6;
  5 : 0 1 2 3 4 6;
  6 : 0 1 2 3 4 5;

Graph 21, order 7.
  0 : 6;
  1 : 6;
  2 : 6;
  3 : 4 5;
  4 : 3 5;
  5 : 3 4 6;
  6 : 0 1 2 5;

Graph 22, order 7.
  0 : 6;
  1 : 6;
  2 : 6;
  3 : 4 5;
  4 : 3 5 6;
  5 : 3 4 6;
  6 : 0 1 2 4 5;

Graph 23, order 7.
  0 : 6;
  1 : 6;
  2 : 6;
  3 : 4 5 6;
  4 : 3 5 6;
  5 : 3 4 6;
  6 : 0 1 2 3 4 5;

Graph 24, order 7.
  0 : 6;
  1 : 6;
  2 : 5 6;
  3 : 4 5;
  4 : 3 6;
  5 : 2 3 6;
  6 : 0 1 2 4 5;

Graph 25, order 7.
  0 : 6;
  1 : 6;
  2 : 5;
  3 : 4 5;
  4 : 3 5 6;
  5 : 2 3 4;
  6 : 0 1 4;

Graph 26, order 7.
  0 : 6;
  1 : 6;
  2 : 5;
  3 : 4 5 6;
  4 : 3 5 6;
  5 : 2 3 4;
  6 : 0 1 3 4;

Graph 27, order 7.
  0 : 6;
  1 : 6;
  2 : 5 6;
  3 : 4 5 6;
  4 : 3 5 6;
  5 : 2 3 4 6;
  6 : 0 1 2 3 4 5;

Graph 28, order 7.
  0 : 6;
  1 : 5;
  2 : 5 6;
  3 : 4 6;
  4 : 3 6;
  5 : 1 2;
  6 : 0 2 3 4;

Graph 29, order 7.
  0 : 6;
  1 : 5 6;
  2 : 5 6;
  3 : 4 6;
  4 : 3 6;
  5 : 1 2;
  6 : 0 1 2 3 4;

Graph 30, order 7.
  0 : 6;
  1 : 5 6;
  2 : 5 6;
  3 : 4 6;
  4 : 3 6;
  5 : 1 2 6;
  6 : 0 1 2 3 4 5;

Graph 31, order 7.
  0 : 6;
  1 : 5;
  2 : 5 6;
  3 : 4 6;
  4 : 3 5 6;
  5 : 1 2 4;
  6 : 0 2 3 4;

Graph 32, order 7.
  0 : 6;
  1 : 5 6;
  2 : 5 6;
  3 : 4 5;
  4 : 3 6;
  5 : 1 2 3;
  6 : 0 1 2 4;

Graph 33, order 7.
  0 : 6;
  1 : 5 6;
  2 : 5 6;
  3 : 4 5;
  4 : 3 6;
  5 : 1 2 3 6;
  6 : 0 1 2 4 5;

Graph 34, order 7.
  0 : 6;
  1 : 5 6;
  2 : 5 6;
  3 : 4 5 6;
  4 : 3 5 6;
  5 : 1 2 3 4;
  6 : 0 1 2 3 4;

Graph 35, order 7.
  0 : 6;
  1 : 5 6;
  2 : 5 6;
  3 : 4 5 6;
  4 : 3 5 6;
  5 : 1 2 3 4 6;
  6 : 0 1 2 3 4 5;

Graph 36, order 7.
  0 : 5;
  1 : 6;
  2 : 6;
  3 : 4 6;
  4 : 3 5 6;
  5 : 0 4 6;
  6 : 1 2 3 4 5;

Graph 37, order 7.
  0 : 5;
  1 : 6;
  2 : 6;
  3 : 4 5;
  4 : 3 6;
  5 : 0 3 6;
  6 : 1 2 4 5;

Graph 38, order 7.
  0 : 5;
  1 : 6;
  2 : 6;
  3 : 4 5;
  4 : 3 5 6;
  5 : 0 3 4 6;
  6 : 1 2 4 5;

Graph 39, order 7.
  0 : 5;
  1 : 6;
  2 : 6;
  3 : 4 5 6;
  4 : 3 5 6;
  5 : 0 3 4 6;
  6 : 1 2 3 4 5;

Graph 40, order 7.
  0 : 5;
  1 : 6;
  2 : 5 6;
  3 : 4 6;
  4 : 3 6;
  5 : 0 2 6;
  6 : 1 2 3 4 5;

Graph 41, order 7.
  0 : 5;
  1 : 6;
  2 : 5 6;
  3 : 4 6;
  4 : 3 5;
  5 : 0 2 4;
  6 : 1 2 3;

Graph 42, order 7.
  0 : 5;
  1 : 6;
  2 : 5 6;
  3 : 4 6;
  4 : 3 5;
  5 : 0 2 4 6;
  6 : 1 2 3 5;

Graph 43, order 7.
  0 : 5;
  1 : 6;
  2 : 5 6;
  3 : 4 5 6;
  4 : 3 5 6;
  5 : 0 2 3 4;
  6 : 1 2 3 4;

Graph 44, order 7.
  0 : 5;
  1 : 6;
  2 : 5 6;
  3 : 4 5 6;
  4 : 3 5 6;
  5 : 0 2 3 4 6;
  6 : 1 2 3 4 5;

Graph 45, order 7.
  0 : 5;
  1 : 5;
  2 : 6;
  3 : 4 6;
  4 : 3 6;
  5 : 0 1 6;
  6 : 2 3 4 5;

Graph 46, order 7.
  0 : 5;
  1 : 5;
  2 : 5 6;
  3 : 4 6;
  4 : 3 6;
  5 : 0 1 2;
  6 : 2 3 4;

Graph 47, order 7.
  0 : 5;
  1 : 5;
  2 : 5 6;
  3 : 4 6;
  4 : 3 6;
  5 : 0 1 2 6;
  6 : 2 3 4 5;

Graph 48, order 7.
  0 : 5;
  1 : 5 6;
  2 : 5 6;
  3 : 4 6;
  4 : 3 6;
  5 : 0 1 2;
  6 : 1 2 3 4;

Graph 49, order 7.
  0 : 5;
  1 : 5 6;
  2 : 5 6;
  3 : 4 6;
  4 : 3 6;
  5 : 0 1 2 6;
  6 : 1 2 3 4 5;

Graph 50, order 7.
  0 : 5 6;
  1 : 5 6;
  2 : 5 6;
  3 : 4 6;
  4 : 3 6;
  5 : 0 1 2;
  6 : 0 1 2 3 4;

Graph 51, order 7.
  0 : 5 6;
  1 : 5 6;
  2 : 5 6;
  3 : 4 6;
  4 : 3 6;
  5 : 0 1 2 6;
  6 : 0 1 2 3 4 5;

Graph 52, order 7.
  0 : 5 6;
  1 : 5 6;
  2 : 5 6;
  3 : 4 5 6;
  4 : 3 5 6;
  5 : 0 1 2 3 4;
  6 : 0 1 2 3 4;

Graph 53, order 7.
  0 : 5 6;
  1 : 5 6;
  2 : 5 6;
  3 : 4 5 6;
  4 : 3 5 6;
  5 : 0 1 2 3 4 6;
  6 : 0 1 2 3 4 5;

Graph 54, order 7.
  0 : 6;
  1 : 6;
  2 : 4;
  3 : 5;
  4 : 2 6;
  5 : 3 6;
  6 : 0 1 4 5;

Graph 55, order 7.
  0 : 6;
  1 : 6;
  2 : 4;
  3 : 5;
  4 : 2 5 6;
  5 : 3 4 6;
  6 : 0 1 4 5;

Graph 56, order 7.
  0 : 6;
  1 : 6;
  2 : 4;
  3 : 5 6;
  4 : 2 5;
  5 : 3 4;
  6 : 0 1 3;

Graph 57, order 7.
  0 : 6;
  1 : 6;
  2 : 4;
  3 : 5 6;
  4 : 2 5;
  5 : 3 4 6;
  6 : 0 1 3 5;

Graph 58, order 7.
  0 : 6;
  1 : 6;
  2 : 4 6;
  3 : 5 6;
  4 : 2 5;
  5 : 3 4;
  6 : 0 1 2 3;

Graph 59, order 7.
  0 : 6;
  1 : 6;
  2 : 4 6;
  3 : 5 6;
  4 : 2 5 6;
  5 : 3 4 6;
  6 : 0 1 2 3 4 5;

Graph 60, order 7.
  0 : 6;
  1 : 6;
  2 : 4 5;
  3 : 5 6;
  4 : 2 5 6;
  5 : 2 3 4;
  6 : 0 1 3 4;

Graph 61, order 7.
  0 : 6;
  1 : 6;
  2 : 4 5;
  3 : 5 6;
  4 : 2 5 6;
  5 : 2 3 4 6;
  6 : 0 1 3 4 5;

Graph 62, order 7.
  0 : 5;
  1 : 6;
  2 : 4;
  3 : 5 6;
  4 : 2 6;
  5 : 0 3 6;
  6 : 1 3 4 5;

Graph 63, order 7.
  0 : 5;
  1 : 6;
  2 : 4 6;
  3 : 5 6;
  4 : 2 5 6;
  5 : 0 3 4 6;
  6 : 1 2 3 4 5;

Graph 64, order 7.
  0 : 6;
  1 : 6;
  2 : 4 5;
  3 : 4 5;
  4 : 2 3 6;
  5 : 2 3 6;
  6 : 0 1 4 5;

Graph 65, order 7.
  0 : 6;
  1 : 6;
  2 : 4 5;
  3 : 4 5 6;
  4 : 2 3 5 6;
  5 : 2 3 4 6;
  6 : 0 1 3 4 5;

Graph 66, order 7.
  0 : 6;
  1 : 6;
  2 : 4 5 6;
  3 : 4 5 6;
  4 : 2 3 5;
  5 : 2 3 4;
  6 : 0 1 2 3;

Graph 67, order 7.
  0 : 6;
  1 : 6;
  2 : 4 5 6;
  3 : 4 5 6;
  4 : 2 3 5;
  5 : 2 3 4 6;
  6 : 0 1 2 3 5;

Graph 68, order 7.
  0 : 6;
  1 : 6;
  2 : 4 5 6;
  3 : 4 5 6;
  4 : 2 3 5 6;
  5 : 2 3 4 6;
  6 : 0 1 2 3 4 5;

Graph 69, order 7.
  0 : 6;
  1 : 5 6;
  2 : 4 5;
  3 : 4 6;
  4 : 2 3;
  5 : 1 2 6;
  6 : 0 1 3 5;

Graph 70, order 7.
  0 : 6;
  1 : 5;
  2 : 4 5 6;
  3 : 4 5 6;
  4 : 2 3 6;
  5 : 1 2 3;
  6 : 0 2 3 4;

Graph 71, order 7.
  0 : 6;
  1 : 5 6;
  2 : 4 5 6;
  3 : 4 5 6;
  4 : 2 3 6;
  5 : 1 2 3 6;
  6 : 0 1 2 3 4 5;

Graph 72, order 7.
  0 : 6;
  1 : 5 6;
  2 : 4 5 6;
  3 : 4 5 6;
  4 : 2 3 5 6;
  5 : 1 2 3 4 6;
  6 : 0 1 2 3 4 5;

Graph 73, order 7.
  0 : 5;
  1 : 6;
  2 : 4 6;
  3 : 4 5;
  4 : 2 3;
  5 : 0 3 6;
  6 : 1 2 5;

Graph 74, order 7.
  0 : 5;
  1 : 6;
  2 : 4 6;
  3 : 4 5 6;
  4 : 2 3 5 6;
  5 : 0 3 4 6;
  6 : 1 2 3 4 5;

Graph 75, order 7.
  0 : 5;
  1 : 6;
  2 : 4 5 6;
  3 : 4 5 6;
  4 : 2 3 6;
  5 : 0 2 3 6;
  6 : 1 2 3 4 5;

Graph 76, order 7.
  0 : 5;
  1 : 6;
  2 : 4 5 6;
  3 : 4 5 6;
  4 : 2 3 5 6;
  5 : 0 2 3 4 6;
  6 : 1 2 3 4 5;

Graph 77, order 7.
  0 : 5;
  1 : 5;
  2 : 4 6;
  3 : 4 6;
  4 : 2 3;
  5 : 0 1 6;
  6 : 2 3 5;

Graph 78, order 7.
  0 : 5;
  1 : 5 6;
  2 : 4 6;
  3 : 4 6;
  4 : 2 3;
  5 : 0 1 6;
  6 : 1 2 3 5;

Graph 79, order 7.
  0 : 5 6;
  1 : 5 6;
  2 : 4 6;
  3 : 4 6;
  4 : 2 3;
  5 : 0 1 6;
  6 : 0 1 2 3 5;

Graph 80, order 7.
  0 : 5;
  1 : 5 6;
  2 : 4 6;
  3 : 4 5 6;
  4 : 2 3 6;
  5 : 0 1 3;
  6 : 1 2 3 4;

Graph 81, order 7.
  0 : 5 6;
  1 : 5 6;
  2 : 4 6;
  3 : 4 5;
  4 : 2 3 6;
  5 : 0 1 3;
  6 : 0 1 2 4;

Graph 82, order 7.
  0 : 5 6;
  1 : 5 6;
  2 : 4 6;
  3 : 4 5 6;
  4 : 2 3 6;
  5 : 0 1 3 6;
  6 : 0 1 2 3 4 5;

Graph 83, order 7.
  0 : 5;
  1 : 5 6;
  2 : 4 6;
  3 : 4 5 6;
  4 : 2 3 5 6;
  5 : 0 1 3 4;
  6 : 1 2 3 4;

Graph 84, order 7.
  0 : 5 6;
  1 : 5 6;
  2 : 4 6;
  3 : 4 5 6;
  4 : 2 3 5 6;
  5 : 0 1 3 4;
  6 : 0 1 2 3 4;

Graph 85, order 7.
  0 : 5;
  1 : 5 6;
  2 : 4 5 6;
  3 : 4 5 6;
  4 : 2 3 6;
  5 : 0 1 2 3;
  6 : 1 2 3 4;

Graph 86, order 7.
  0 : 5;
  1 : 5 6;
  2 : 4 5 6;
  3 : 4 5 6;
  4 : 2 3 6;
  5 : 0 1 2 3 6;
  6 : 1 2 3 4 5;

Graph 87, order 7.
  0 : 5 6;
  1 : 5 6;
  2 : 4 5;
  3 : 4 5 6;
  4 : 2 3 6;
  5 : 0 1 2 3;
  6 : 0 1 3 4;

Graph 88, order 7.
  0 : 5 6;
  1 : 5 6;
  2 : 4 5;
  3 : 4 5 6;
  4 : 2 3 6;
  5 : 0 1 2 3 6;
  6 : 0 1 3 4 5;

Graph 89, order 7.
  0 : 5 6;
  1 : 5 6;
  2 : 4 5 6;
  3 : 4 5 6;
  4 : 2 3 6;
  5 : 0 1 2 3;
  6 : 0 1 2 3 4;

Graph 90, order 7.
  0 : 5 6;
  1 : 5 6;
  2 : 4 5 6;
  3 : 4 5 6;
  4 : 2 3 6;
  5 : 0 1 2 3 6;
  6 : 0 1 2 3 4 5;

Graph 91, order 7.
  0 : 5 6;
  1 : 5 6;
  2 : 4 5 6;
  3 : 4 5 6;
  4 : 2 3 5 6;
  5 : 0 1 2 3 4;
  6 : 0 1 2 3 4;

Graph 92, order 7.
  0 : 5 6;
  1 : 5 6;
  2 : 4 5 6;
  3 : 4 5 6;
  4 : 2 3 5 6;
  5 : 0 1 2 3 4 6;
  6 : 0 1 2 3 4 5;

Graph 93, order 7.
  0 : 6;
  1 : 4;
  2 : 5 6;
  3 : 5 6;
  4 : 1 6;
  5 : 2 3 6;
  6 : 0 2 3 4 5;

Graph 94, order 7.
  0 : 6;
  1 : 4 6;
  2 : 5 6;
  3 : 5 6;
  4 : 1 5 6;
  5 : 2 3 4;
  6 : 0 1 2 3 4;

Graph 95, order 7.
  0 : 6;
  1 : 4 6;
  2 : 5 6;
  3 : 5 6;
  4 : 1 5 6;
  5 : 2 3 4 6;
  6 : 0 1 2 3 4 5;

Graph 96, order 7.
  0 : 5;
  1 : 4;
  2 : 5 6;
  3 : 5 6;
  4 : 1 6;
  5 : 0 2 3;
  6 : 2 3 4;

Graph 97, order 7.
  0 : 5;
  1 : 4;
  2 : 5 6;
  3 : 5 6;
  4 : 1 6;
  5 : 0 2 3 6;
  6 : 2 3 4 5;

Graph 98, order 7.
  0 : 5;
  1 : 4 6;
  2 : 5 6;
  3 : 5 6;
  4 : 1 5 6;
  5 : 0 2 3 4;
  6 : 1 2 3 4;

Graph 99, order 7.
  0 : 5;
  1 : 4 6;
  2 : 5 6;
  3 : 5 6;
  4 : 1 5 6;
  5 : 0 2 3 4 6;
  6 : 1 2 3 4 5;

Graph 100, order 7.
  0 : 6;
  1 : 4;
  2 : 5;
  3 : 4 5;
  4 : 1 3 6;
  5 : 2 3 6;
  6 : 0 4 5;

Graph 101, order 7.
  0 : 6;
  1 : 4 6;
  2 : 5 6;
  3 : 4 5;
  4 : 1 3 6;
  5 : 2 3 6;
  6 : 0 1 2 4 5;

Graph 102, order 7.
  0 : 6;
  1 : 4 6;
  2 : 5 6;
  3 : 4 5 6;
  4 : 1 3 6;
  5 : 2 3 6;
  6 : 0 1 2 3 4 5;

Graph 103, order 7.
  0 : 6;
  1 : 4 6;
  2 : 5 6;
  3 : 4 5;
  4 : 1 3 5 6;
  5 : 2 3 4 6;
  6 : 0 1 2 4 5;

Graph 104, order 7.
  0 : 6;
  1 : 4 6;
  2 : 5 6;
  3 : 4 5 6;
  4 : 1 3 5;
  5 : 2 3 4;
  6 : 0 1 2 3;

Graph 105, order 7.
  0 : 6;
  1 : 4 6;
  2 : 5 6;
  3 : 4 5 6;
  4 : 1 3 5;
  5 : 2 3 4 6;
  6 : 0 1 2 3 5;

Graph 106, order 7.
  0 : 6;
  1 : 4 6;
  2 : 5 6;
  3 : 4 5 6;
  4 : 1 3 5 6;
  5 : 2 3 4 6;
  6 : 0 1 2 3 4 5;

Graph 107, order 7.
  0 : 6;
  1 : 4 5;
  2 : 5 6;
  3 : 4 5 6;
  4 : 1 3 6;
  5 : 1 2 3;
  6 : 0 2 3 4;

Graph 108, order 7.
  0 : 6;
  1 : 4 5;
  2 : 5 6;
  3 : 4 5 6;
  4 : 1 3 6;
  5 : 1 2 3 6;
  6 : 0 2 3 4 5;

Graph 109, order 7.
  0 : 5;
  1 : 4;
  2 : 5 6;
  3 : 4 6;
  4 : 1 3;
  5 : 0 2 6;
  6 : 2 3 5;

Graph 110, order 7.
  0 : 5;
  1 : 4;
  2 : 5 6;
  3 : 4 5 6;
  4 : 1 3 6;
  5 : 0 2 3 6;
  6 : 2 3 4 5;

Graph 111, order 7.
  0 : 5;
  1 : 4 6;
  2 : 5 6;
  3 : 4 5 6;
  4 : 1 3 6;
  5 : 0 2 3 6;
  6 : 1 2 3 4 5;

Graph 112, order 7.
  0 : 5;
  1 : 4 6;
  2 : 5 6;
  3 : 4 5 6;
  4 : 1 3 5 6;
  5 : 0 2 3 4 6;
  6 : 1 2 3 4 5;

Graph 113, order 7.
  0 : 6;
  1 : 4 5;
  2 : 4 6;
  3 : 5 6;
  4 : 1 2 5;
  5 : 1 3 4 6;
  6 : 0 2 3 5;

Graph 114, order 7.
  0 : 5;
  1 : 4 6;
  2 : 4 6;
  3 : 5 6;
  4 : 1 2 5;
  5 : 0 3 4 6;
  6 : 1 2 3 5;

Graph 115, order 7.
  0 : 6;
  1 : 4 6;
  2 : 4 5 6;
  3 : 4 5 6;
  4 : 1 2 3 5;
  5 : 2 3 4 6;
  6 : 0 1 2 3 5;

Graph 116, order 7.
  0 : 6;
  1 : 4 5;
  2 : 4 5 6;
  3 : 4 5 6;
  4 : 1 2 3 6;
  5 : 1 2 3 6;
  6 : 0 2 3 4 5;

Graph 117, order 7.
  0 : 6;
  1 : 4 5;
  2 : 4 5 6;
  3 : 4 5 6;
  4 : 1 2 3 5 6;
  5 : 1 2 3 4 6;
  6 : 0 2 3 4 5;

Graph 118, order 7.
  0 : 5;
  1 : 4 6;
  2 : 4 5 6;
  3 : 4 5 6;
  4 : 1 2 3 6;
  5 : 0 2 3 6;
  6 : 1 2 3 4 5;

Graph 119, order 7.
  0 : 5 6;
  1 : 4 6;
  2 : 4 5 6;
  3 : 4 5 6;
  4 : 1 2 3;
  5 : 0 2 3 6;
  6 : 0 1 2 3 5;

Graph 120, order 7.
  0 : 4;
  1 : 6;
  2 : 5 6;
  3 : 5 6;
  4 : 0 5 6;
  5 : 2 3 4;
  6 : 1 2 3 4;

Graph 121, order 7.
  0 : 4;
  1 : 6;
  2 : 5 6;
  3 : 5 6;
  4 : 0 5 6;
  5 : 2 3 4 6;
  6 : 1 2 3 4 5;

Graph 122, order 7.
  0 : 4;
  1 : 5;
  2 : 6;
  3 : 6;
  4 : 0 5;
  5 : 1 4 6;
  6 : 2 3 5;

Graph 123, order 7.
  0 : 4;
  1 : 5;
  2 : 6;
  3 : 5 6;
  4 : 0 5 6;
  5 : 1 3 4 6;
  6 : 2 3 4 5;

Graph 124, order 7.
  0 : 4;
  1 : 5 6;
  2 : 5 6;
  3 : 5 6;
  4 : 0 6;
  5 : 1 2 3;
  6 : 1 2 3 4;

Graph 125, order 7.
  0 : 4;
  1 : 5 6;
  2 : 5 6;
  3 : 5 6;
  4 : 0 6;
  5 : 1 2 3 6;
  6 : 1 2 3 4 5;

Graph 126, order 7.
  0 : 4;
  1 : 5 6;
  2 : 5 6;
  3 : 5 6;
  4 : 0 5 6;
  5 : 1 2 3 4;
  6 : 1 2 3 4;

Graph 127, order 7.
  0 : 4;
  1 : 5 6;
  2 : 5 6;
  3 : 5 6;
  4 : 0 5 6;
  5 : 1 2 3 4 6;
  6 : 1 2 3 4 5;

Graph 128, order 7.
  0 : 4 6;
  1 : 5 6;
  2 : 5 6;
  3 : 5 6;
  4 : 0 5 6;
  5 : 1 2 3 4;
  6 : 0 1 2 3 4;

Graph 129, order 7.
  0 : 4 6;
  1 : 5 6;
  2 : 5 6;
  3 : 5 6;
  4 : 0 5 6;
  5 : 1 2 3 4 6;
  6 : 0 1 2 3 4 5;

Graph 130, order 7.
  0 : 4;
  1 : 5;
  2 : 6;
  3 : 4 5 6;
  4 : 0 3 5 6;
  5 : 1 3 4 6;
  6 : 2 3 4 5;

Graph 131, order 7.
  0 : 4;
  1 : 5;
  2 : 5 6;
  3 : 4 6;
  4 : 0 3 6;
  5 : 1 2 6;
  6 : 2 3 4 5;

Graph 132, order 7.
  0 : 4;
  1 : 5 6;
  2 : 5 6;
  3 : 4 6;
  4 : 0 3;
  5 : 1 2;
  6 : 1 2 3;

Graph 133, order 7.
  0 : 4;
  1 : 5 6;
  2 : 5 6;
  3 : 4 6;
  4 : 0 3;
  5 : 1 2 6;
  6 : 1 2 3 5;

Graph 134, order 7.
  0 : 4 6;
  1 : 5 6;
  2 : 5 6;
  3 : 4 6;
  4 : 0 3;
  5 : 1 2;
  6 : 0 1 2 3;

Graph 135, order 7.
  0 : 4 6;
  1 : 5 6;
  2 : 5 6;
  3 : 4 6;
  4 : 0 3 6;
  5 : 1 2 6;
  6 : 0 1 2 3 4 5;

Graph 136, order 7.
  0 : 4;
  1 : 5;
  2 : 5 6;
  3 : 4 6;
  4 : 0 3 5 6;
  5 : 1 2 4 6;
  6 : 2 3 4 5;

Graph 137, order 7.
  0 : 4 6;
  1 : 5 6;
  2 : 5 6;
  3 : 4 6;
  4 : 0 3 5;
  5 : 1 2 4;
  6 : 0 1 2 3;

Graph 138, order 7.
  0 : 4 6;
  1 : 5 6;
  2 : 5 6;
  3 : 4 6;
  4 : 0 3 5 6;
  5 : 1 2 4 6;
  6 : 0 1 2 3 4 5;

Graph 139, order 7.
  0 : 4;
  1 : 5 6;
  2 : 5 6;
  3 : 4 5 6;
  4 : 0 3 6;
  5 : 1 2 3;
  6 : 1 2 3 4;

Graph 140, order 7.
  0 : 4;
  1 : 5 6;
  2 : 5 6;
  3 : 4 5 6;
  4 : 0 3 6;
  5 : 1 2 3 6;
  6 : 1 2 3 4 5;

Graph 141, order 7.
  0 : 4;
  1 : 5 6;
  2 : 5 6;
  3 : 4 5 6;
  4 : 0 3 5 6;
  5 : 1 2 3 4;
  6 : 1 2 3 4;

Graph 142, order 7.
  0 : 4;
  1 : 5 6;
  2 : 5 6;
  3 : 4 5 6;
  4 : 0 3 5 6;
  5 : 1 2 3 4 6;
  6 : 1 2 3 4 5;

Graph 143, order 7.
  0 : 4 6;
  1 : 5 6;
  2 : 5 6;
  3 : 4 5 6;
  4 : 0 3 5 6;
  5 : 1 2 3 4 6;
  6 : 0 1 2 3 4 5;

Graph 144, order 7.
  0 : 4;
  1 : 6;
  2 : 4 5;
  3 : 5 6;
  4 : 0 2 6;
  5 : 2 3 6;
  6 : 1 3 4 5;

Graph 145, order 7.
  0 : 4;
  1 : 5;
  2 : 4 5 6;
  3 : 4 5 6;
  4 : 0 2 3 6;
  5 : 1 2 3 6;
  6 : 2 3 4 5;

Graph 146, order 7.
  0 : 4;
  1 : 5 6;
  2 : 4 5 6;
  3 : 4 5 6;
  4 : 0 2 3;
  5 : 1 2 3 6;
  6 : 1 2 3 5;

Graph 147, order 7.
  0 : 4 6;
  1 : 5 6;
  2 : 4 5;
  3 : 4 5;
  4 : 0 2 3 6;
  5 : 1 2 3 6;
  6 : 0 1 4 5;

Graph 148, order 7.
  0 : 4 6;
  1 : 5 6;
  2 : 4 5;
  3 : 4 5 6;
  4 : 0 2 3 6;
  5 : 1 2 3 6;
  6 : 0 1 3 4 5;

Graph 149, order 7.
  0 : 4 6;
  1 : 5 6;
  2 : 4 5 6;
  3 : 4 5 6;
  4 : 0 2 3;
  5 : 1 2 3;
  6 : 0 1 2 3;

Graph 150, order 7.
  0 : 4 6;
  1 : 5 6;
  2 : 4 5 6;
  3 : 4 5 6;
  4 : 0 2 3 6;
  5 : 1 2 3 6;
  6 : 0 1 2 3 4 5;

Graph 151, order 7.
  0 : 4 6;
  1 : 5 6;
  2 : 4 5 6;
  3 : 4 5 6;
  4 : 0 2 3 5;
  5 : 1 2 3 4 6;
  6 : 0 1 2 3 5;

Graph 152, order 7.
  0 : 4 6;
  1 : 5 6;
  2 : 4 5 6;
  3 : 4 5 6;
  4 : 0 2 3 5 6;
  5 : 1 2 3 4 6;
  6 : 0 1 2 3 4 5;

Graph 153, order 7.
  0 : 4;
  1 : 4;
  2 : 5 6;
  3 : 5 6;
  4 : 0 1 6;
  5 : 2 3 6;
  6 : 2 3 4 5;

Graph 154, order 7.
  0 : 4;
  1 : 4 6;
  2 : 5 6;
  3 : 5 6;
  4 : 0 1 6;
  5 : 2 3 6;
  6 : 1 2 3 4 5;

Graph 155, order 7.
  0 : 4;
  1 : 4;
  2 : 5 6;
  3 : 5 6;
  4 : 0 1 5 6;
  5 : 2 3 4 6;
  6 : 2 3 4 5;

Graph 156, order 7.
  0 : 4;
  1 : 4 6;
  2 : 5 6;
  3 : 5 6;
  4 : 0 1 5;
  5 : 2 3 4;
  6 : 1 2 3;

Graph 157, order 7.
  0 : 4;
  1 : 4 6;
  2 : 5 6;
  3 : 5 6;
  4 : 0 1 5;
  5 : 2 3 4 6;
  6 : 1 2 3 5;

Graph 158, order 7.
  0 : 4;
  1 : 4 6;
  2 : 5 6;
  3 : 5 6;
  4 : 0 1 5 6;
  5 : 2 3 4 6;
  6 : 1 2 3 4 5;

Graph 159, order 7.
  0 : 4 6;
  1 : 4 6;
  2 : 5 6;
  3 : 5 6;
  4 : 0 1 5;
  5 : 2 3 4 6;
  6 : 0 1 2 3 5;

Graph 160, order 7.
  0 : 4 5;
  1 : 4 6;
  2 : 5 6;
  3 : 5 6;
  4 : 0 1 6;
  5 : 0 2 3 6;
  6 : 1 2 3 4 5;

Graph 161, order 7.
  0 : 4 5;
  1 : 4 6;
  2 : 5 6;
  3 : 5 6;
  4 : 0 1 5 6;
  5 : 0 2 3 4 6;
  6 : 1 2 3 4 5;

Graph 162, order 7.
  0 : 4 5;
  1 : 4 6;
  2 : 5 6;
  3 : 4 5 6;
  4 : 0 1 3 5 6;
  5 : 0 2 3 4 6;
  6 : 1 2 3 4 5;

Graph 163, order 7.
  0 : 4;
  1 : 4 5;
  2 : 4 6;
  3 : 5 6;
  4 : 0 1 2;
  5 : 1 3 6;
  6 : 2 3 5;

Graph 164, order 7.
  0 : 4 5;
  1 : 4 6;
  2 : 4 5 6;
  3 : 4 5 6;
  4 : 0 1 2 3;
  5 : 0 2 3 6;
  6 : 1 2 3 5;

Graph 165, order 7.
  0 : 6;
  1 : 6;
  2 : 3;
  3 : 2 6;
  4 : 5 6;
  5 : 4 6;
  6 : 0 1 3 4 5;

Graph 166, order 7.
  0 : 6;
  1 : 6;
  2 : 3 6;
  3 : 2 6;
  4 : 5 6;
  5 : 4 6;
  6 : 0 1 2 3 4 5;

Graph 167, order 7.
  0 : 6;
  1 : 6;
  2 : 3 6;
  3 : 2 4 5;
  4 : 3 5 6;
  5 : 3 4 6;
  6 : 0 1 2 4 5;

Graph 168, order 7.
  0 : 6;
  1 : 6;
  2 : 3 5;
  3 : 2 4 5;
  4 : 3 5 6;
  5 : 2 3 4 6;
  6 : 0 1 4 5;

Graph 169, order 7.
  0 : 5;
  1 : 6;
  2 : 3 6;
  3 : 2 4 6;
  4 : 3 5 6;
  5 : 0 4 6;
  6 : 1 2 3 4 5;

Graph 170, order 7.
  0 : 5;
  1 : 6;
  2 : 3 5;
  3 : 2 4 6;
  4 : 3 5 6;
  5 : 0 2 4 6;
  6 : 1 3 4 5;

Graph 171, order 7.
  0 : 6;
  1 : 6;
  2 : 3 4;
  3 : 2 5;
  4 : 2 5 6;
  5 : 3 4 6;
  6 : 0 1 4 5;

Graph 172, order 7.
  0 : 6;
  1 : 6;
  2 : 3 4;
  3 : 2 5 6;
  4 : 2 5 6;
  5 : 3 4 6;
  6 : 0 1 3 4 5;

Graph 173, order 7.
  0 : 6;
  1 : 6;
  2 : 3 4 6;
  3 : 2 5 6;
  4 : 2 5 6;
  5 : 3 4 6;
  6 : 0 1 2 3 4 5;

Graph 174, order 7.
  0 : 6;
  1 : 5 6;
  2 : 3 4;
  3 : 2 5 6;
  4 : 2 5 6;
  5 : 1 3 4;
  6 : 0 1 3 4;

Graph 175, order 7.
  0 : 6;
  1 : 5 6;
  2 : 3 4;
  3 : 2 5 6;
  4 : 2 5 6;
  5 : 1 3 4 6;
  6 : 0 1 3 4 5;

Graph 176, order 7.
  0 : 5;
  1 : 6;
  2 : 3 4;
  3 : 2 5 6;
  4 : 2 5 6;
  5 : 0 3 4;
  6 : 1 3 4;

Graph 177, order 7.
  0 : 5;
  1 : 6;
  2 : 3 4;
  3 : 2 5 6;
  4 : 2 5 6;
  5 : 0 3 4 6;
  6 : 1 3 4 5;

Graph 178, order 7.
  0 : 5;
  1 : 5 6;
  2 : 3 4;
  3 : 2 6;
  4 : 2 5 6;
  5 : 0 1 4 6;
  6 : 1 3 4 5;

Graph 179, order 7.
  0 : 5 6;
  1 : 5 6;
  2 : 3 4;
  3 : 2 5 6;
  4 : 2 5 6;
  5 : 0 1 3 4;
  6 : 0 1 3 4;

Graph 180, order 7.
  0 : 5 6;
  1 : 5 6;
  2 : 3 4;
  3 : 2 5 6;
  4 : 2 5 6;
  5 : 0 1 3 4 6;
  6 : 0 1 3 4 5;

Graph 181, order 7.
  0 : 6;
  1 : 6;
  2 : 3 4 5;
  3 : 2 4 5 6;
  4 : 2 3 5 6;
  5 : 2 3 4 6;
  6 : 0 1 3 4 5;

Graph 182, order 7.
  0 : 6;
  1 : 5 6;
  2 : 3 4;
  3 : 2 4 5 6;
  4 : 2 3 5 6;
  5 : 1 3 4 6;
  6 : 0 1 3 4 5;

Graph 183, order 7.
  0 : 6;
  1 : 5 6;
  2 : 3 4 5;
  3 : 2 4 5 6;
  4 : 2 3 5 6;
  5 : 1 2 3 4 6;
  6 : 0 1 3 4 5;

Graph 184, order 7.
  0 : 5;
  1 : 6;
  2 : 3 4;
  3 : 2 4 6;
  4 : 2 3 5;
  5 : 0 4 6;
  6 : 1 3 5;

Graph 185, order 7.
  0 : 5;
  1 : 6;
  2 : 3 4;
  3 : 2 4 5 6;
  4 : 2 3 5 6;
  5 : 0 3 4 6;
  6 : 1 3 4 5;

Graph 186, order 7.
  0 : 5;
  1 : 6;
  2 : 3 4 6;
  3 : 2 4 5 6;
  4 : 2 3 5 6;
  5 : 0 3 4 6;
  6 : 1 2 3 4 5;

Graph 187, order 7.
  0 : 5;
  1 : 5;
  2 : 3 4;
  3 : 2 4 6;
  4 : 2 3 6;
  5 : 0 1 6;
  6 : 3 4 5;

Graph 188, order 7.
  0 : 5 6;
  1 : 5 6;
  2 : 3 4;
  3 : 2 4 5;
  4 : 2 3 6;
  5 : 0 1 3 6;
  6 : 0 1 4 5;

Graph 189, order 7.
  0 : 5 6;
  1 : 5 6;
  2 : 3 4;
  3 : 2 4 5 6;
  4 : 2 3 5 6;
  5 : 0 1 3 4 6;
  6 : 0 1 3 4 5;

Graph 190, order 7.
  0 : 5 6;
  1 : 5 6;
  2 : 3 4 6;
  3 : 2 4 5 6;
  4 : 2 3 5 6;
  5 : 0 1 3 4;
  6 : 0 1 2 3 4;

Graph 191, order 7.
  0 : 5 6;
  1 : 5 6;
  2 : 3 4 6;
  3 : 2 4 5 6;
  4 : 2 3 5 6;
  5 : 0 1 3 4 6;
  6 : 0 1 2 3 4 5;

Graph 192, order 7.
  0 : 5;
  1 : 5 6;
  2 : 3 4 5;
  3 : 2 4 6;
  4 : 2 3 6;
  5 : 0 1 2 6;
  6 : 1 3 4 5;

Graph 193, order 7.
  0 : 5 6;
  1 : 5 6;
  2 : 3 4 5;
  3 : 2 4 6;
  4 : 2 3 6;
  5 : 0 1 2 6;
  6 : 0 1 3 4 5;

Graph 194, order 7.
  0 : 5 6;
  1 : 5 6;
  2 : 3 4 5;
  3 : 2 4 6;
  4 : 2 3 5 6;
  5 : 0 1 2 4 6;
  6 : 0 1 3 4 5;

Graph 195, order 7.
  0 : 6;
  1 : 4 6;
  2 : 3 5;
  3 : 2 6;
  4 : 1 5 6;
  5 : 2 4 6;
  6 : 0 1 3 4 5;

Graph 196, order 7.
  0 : 6;
  1 : 4 6;
  2 : 3 5;
  3 : 2 5 6;
  4 : 1 5 6;
  5 : 2 3 4;
  6 : 0 1 3 4;

Graph 197, order 7.
  0 : 6;
  1 : 4 5;
  2 : 3 6;
  3 : 2 6;
  4 : 1 5 6;
  5 : 1 4 6;
  6 : 0 2 3 4 5;

Graph 198, order 7.
  0 : 6;
  1 : 4 5;
  2 : 3 6;
  3 : 2 5 6;
  4 : 1 5 6;
  5 : 1 3 4 6;
  6 : 0 2 3 4 5;

Graph 199, order 7.
  0 : 5;
  1 : 4 6;
  2 : 3 5;
  3 : 2 6;
  4 : 1 5 6;
  5 : 0 2 4;
  6 : 1 3 4;

Graph 200, order 7.
  0 : 5;
  1 : 4 6;
  2 : 3 5;
  3 : 2 6;
  4 : 1 5 6;
  5 : 0 2 4 6;
  6 : 1 3 4 5;

Graph 201, order 7.
  0 : 5;
  1 : 4 5;
  2 : 3 6;
  3 : 2 6;
  4 : 1 5 6;
  5 : 0 1 4;
  6 : 2 3 4;

Graph 202, order 7.
  0 : 5;
  1 : 4 5;
  2 : 3 6;
  3 : 2 6;
  4 : 1 5 6;
  5 : 0 1 4 6;
  6 : 2 3 4 5;

Graph 203, order 7.
  0 : 6;
  1 : 4 5 6;
  2 : 3 5 6;
  3 : 2 4 5;
  4 : 1 3 6;
  5 : 1 2 3 6;
  6 : 0 1 2 4 5;

Graph 204, order 7.
  0 : 5;
  1 : 4 5 6;
  2 : 3 5 6;
  3 : 2 4 6;
  4 : 1 3 5 6;
  5 : 0 1 2 4;
  6 : 1 2 3 4;

Graph 205, order 7.
  0 : 5 6;
  1 : 4 5;
  2 : 3 5 6;
  3 : 2 4 6;
  4 : 1 3 5 6;
  5 : 0 1 2 4;
  6 : 0 2 3 4;

Graph 206, order 7.
  0 : 5 6;
  1 : 4 5 6;
  2 : 3 5 6;
  3 : 2 4 6;
  4 : 1 3 5 6;
  5 : 0 1 2 4;
  6 : 0 1 2 3 4;

Graph 207, order 7.
  0 : 6;
  1 : 4 6;
  2 : 3 4 5;
  3 : 2 5 6;
  4 : 1 2 5 6;
  5 : 2 3 4 6;
  6 : 0 1 3 4 5;

Graph 208, order 7.
  0 : 6;
  1 : 4 5;
  2 : 3 4 6;
  3 : 2 5 6;
  4 : 1 2 5 6;
  5 : 1 3 4 6;
  6 : 0 2 3 4 5;

Graph 209, order 7.
  0 : 6;
  1 : 4 5 6;
  2 : 3 4 6;
  3 : 2 5 6;
  4 : 1 2 5 6;
  5 : 1 3 4 6;
  6 : 0 1 2 3 4 5;

Graph 210, order 7.
  0 : 5;
  1 : 4;
  2 : 3 4;
  3 : 2 5 6;
  4 : 1 2 6;
  5 : 0 3 6;
  6 : 3 4 5;

Graph 211, order 7.
  0 : 5;
  1 : 4 6;
  2 : 3 4 6;
  3 : 2 5 6;
  4 : 1 2 5 6;
  5 : 0 3 4 6;
  6 : 1 2 3 4 5;

Graph 212, order 7.
  0 : 5 6;
  1 : 4 5;
  2 : 3 4;
  3 : 2 5 6;
  4 : 1 2 6;
  5 : 0 1 3 6;
  6 : 0 3 4 5;

Graph 213, order 7.
  0 : 5;
  1 : 4 5 6;
  2 : 3 4 6;
  3 : 2 5 6;
  4 : 1 2 5 6;
  5 : 0 1 3 4 6;
  6 : 1 2 3 4 5;

Graph 214, order 7.
  0 : 5 6;
  1 : 4 5 6;
  2 : 3 4 6;
  3 : 2 5 6;
  4 : 1 2 5 6;
  5 : 0 1 3 4 6;
  6 : 0 1 2 3 4 5;

Graph 215, order 7.
  0 : 5 6;
  1 : 4 6;
  2 : 3 4 6;
  3 : 2 4 5 6;
  4 : 1 2 3 5;
  5 : 0 3 4 6;
  6 : 0 1 2 3 5;

Graph 216, order 7.
  0 : 5 6;
  1 : 4 5;
  2 : 3 4 6;
  3 : 2 4 5 6;
  4 : 1 2 3 6;
  5 : 0 1 3 6;
  6 : 0 2 3 4 5;

Graph 217, order 7.
  0 : 5 6;
  1 : 4 5 6;
  2 : 3 4 5;
  3 : 2 4 6;
  4 : 1 2 3;
  5 : 0 1 2 6;
  6 : 0 1 3 5;

Graph 218, order 7.
  0 : 4;
  1 : 6;
  2 : 3 5;
  3 : 2 6;
  4 : 0 5 6;
  5 : 2 4 6;
  6 : 1 3 4 5;

Graph 219, order 7.
  0 : 4;
  1 : 6;
  2 : 3 5;
  3 : 2 5 6;
  4 : 0 5 6;
  5 : 2 3 4 6;
  6 : 1 3 4 5;

Graph 220, order 7.
  0 : 4;
  1 : 5;
  2 : 3 6;
  3 : 2 6;
  4 : 0 5 6;
  5 : 1 4 6;
  6 : 2 3 4 5;

Graph 221, order 7.
  0 : 4;
  1 : 5 6;
  2 : 3 6;
  3 : 2 6;
  4 : 0 5 6;
  5 : 1 4 6;
  6 : 1 2 3 4 5;

Graph 222, order 7.
  0 : 4;
  1 : 5 6;
  2 : 3 5;
  3 : 2 6;
  4 : 0 5 6;
  5 : 1 2 4;
  6 : 1 3 4;

Graph 223, order 7.
  0 : 4;
  1 : 5 6;
  2 : 3 5;
  3 : 2 6;
  4 : 0 5 6;
  5 : 1 2 4 6;
  6 : 1 3 4 5;

Graph 224, order 7.
  0 : 4 6;
  1 : 5 6;
  2 : 3 5;
  3 : 2 6;
  4 : 0 5 6;
  5 : 1 2 4 6;
  6 : 0 1 3 4 5;

Graph 225, order 7.
  0 : 4 5;
  1 : 5 6;
  2 : 3 6;
  3 : 2 6;
  4 : 0 5 6;
  5 : 0 1 4 6;
  6 : 1 2 3 4 5;

Graph 226, order 7.
  0 : 4 6;
  1 : 5 6;
  2 : 3 5;
  3 : 2 4;
  4 : 0 3 6;
  5 : 1 2 6;
  6 : 0 1 4 5;

Graph 227, order 7.
  0 : 4;
  1 : 5;
  2 : 3 5 6;
  3 : 2 4 6;
  4 : 0 3 5 6;
  5 : 1 2 4 6;
  6 : 2 3 4 5;

Graph 228, order 7.
  0 : 4 6;
  1 : 5 6;
  2 : 3 5 6;
  3 : 2 4 6;
  4 : 0 3 5;
  5 : 1 2 4;
  6 : 0 1 2 3;

Graph 229, order 7.
  0 : 4 6;
  1 : 5 6;
  2 : 3 5 6;
  3 : 2 4 6;
  4 : 0 3 5 6;
  5 : 1 2 4 6;
  6 : 0 1 2 3 4 5;

Graph 230, order 7.
  0 : 4;
  1 : 5 6;
  2 : 3 5 6;
  3 : 2 4 5 6;
  4 : 0 3 5 6;
  5 : 1 2 3 4 6;
  6 : 1 2 3 4 5;

Graph 231, order 7.
  0 : 4 6;
  1 : 5 6;
  2 : 3 5 6;
  3 : 2 4 5 6;
  4 : 0 3 5 6;
  5 : 1 2 3 4 6;
  6 : 0 1 2 3 4 5;

Graph 232, order 7.
  0 : 4 5;
  1 : 5 6;
  2 : 3 4 6;
  3 : 2 5 6;
  4 : 0 2 5 6;
  5 : 0 1 3 4 6;
  6 : 1 2 3 4 5;

Graph 233, order 7.
  0 : 4 6;
  1 : 5 6;
  2 : 3 4 5;
  3 : 2 4 5 6;
  4 : 0 2 3 5 6;
  5 : 1 2 3 4 6;
  6 : 0 1 3 4 5;

Graph 234, order 7.
  0 : 4 6;
  1 : 4 6;
  2 : 3 6;
  3 : 2 5 6;
  4 : 0 1 5;
  5 : 3 4 6;
  6 : 0 1 2 3 5;

Graph 235, order 7.
  0 : 4;
  1 : 4 6;
  2 : 3 5;
  3 : 2 6;
  4 : 0 1 5;
  5 : 2 4 6;
  6 : 1 3 5;

Graph 236, order 7.
  0 : 4 6;
  1 : 4 6;
  2 : 3 5;
  3 : 2 5;
  4 : 0 1 6;
  5 : 2 3 6;
  6 : 0 1 4 5;

Graph 237, order 7.
  0 : 4;
  1 : 4;
  2 : 3 5 6;
  3 : 2 5 6;
  4 : 0 1 5 6;
  5 : 2 3 4 6;
  6 : 2 3 4 5;

Graph 238, order 7.
  0 : 4;
  1 : 4 6;
  2 : 3 5 6;
  3 : 2 5 6;
  4 : 0 1 5 6;
  5 : 2 3 4 6;
  6 : 1 2 3 4 5;

Graph 239, order 7.
  0 : 4 6;
  1 : 4 6;
  2 : 3 5 6;
  3 : 2 5 6;
  4 : 0 1 5 6;
  5 : 2 3 4 6;
  6 : 0 1 2 3 4 5;

Graph 240, order 7.
  0 : 4;
  1 : 4 5 6;
  2 : 3 5 6;
  3 : 2 5 6;
  4 : 0 1 6;
  5 : 1 2 3 6;
  6 : 1 2 3 4 5;

Graph 241, order 7.
  0 : 4 6;
  1 : 4 5 6;
  2 : 3 5 6;
  3 : 2 5 6;
  4 : 0 1 6;
  5 : 1 2 3 6;
  6 : 0 1 2 3 4 5;

Graph 242, order 7.
  0 : 4;
  1 : 4 5 6;
  2 : 3 5 6;
  3 : 2 5 6;
  4 : 0 1 5 6;
  5 : 1 2 3 4;
  6 : 1 2 3 4;

Graph 243, order 7.
  0 : 4;
  1 : 4 5 6;
  2 : 3 5 6;
  3 : 2 5 6;
  4 : 0 1 5 6;
  5 : 1 2 3 4 6;
  6 : 1 2 3 4 5;

Graph 244, order 7.
  0 : 4 6;
  1 : 4 5 6;
  2 : 3 5 6;
  3 : 2 5 6;
  4 : 0 1 5 6;
  5 : 1 2 3 4;
  6 : 0 1 2 3 4;

Graph 245, order 7.
  0 : 4 6;
  1 : 4 5 6;
  2 : 3 5 6;
  3 : 2 5 6;
  4 : 0 1 5 6;
  5 : 1 2 3 4 6;
  6 : 0 1 2 3 4 5;

Graph 246, order 7.
  0 : 4 5;
  1 : 4 6;
  2 : 3 5 6;
  3 : 2 5 6;
  4 : 0 1 5 6;
  5 : 0 2 3 4;
  6 : 1 2 3 4;

Graph 247, order 7.
  0 : 4 5;
  1 : 4 6;
  2 : 3 5 6;
  3 : 2 5 6;
  4 : 0 1 5 6;
  5 : 0 2 3 4 6;
  6 : 1 2 3 4 5;

Graph 248, order 7.
  0 : 4 5;
  1 : 4 5;
  2 : 3 6;
  3 : 2 5 6;
  4 : 0 1 6;
  5 : 0 1 3 6;
  6 : 2 3 4 5;

Graph 249, order 7.
  0 : 4 5;
  1 : 4 5 6;
  2 : 3 5 6;
  3 : 2 5 6;
  4 : 0 1 6;
  5 : 0 1 2 3;
  6 : 1 2 3 4;

Graph 250, order 7.
  0 : 4 5;
  1 : 4 5 6;
  2 : 3 5 6;
  3 : 2 5 6;
  4 : 0 1 6;
  5 : 0 1 2 3 6;
  6 : 1 2 3 4 5;

Graph 251, order 7.
  0 : 4 5 6;
  1 : 4 5 6;
  2 : 3 5 6;
  3 : 2 5 6;
  4 : 0 1 6;
  5 : 0 1 2 3;
  6 : 0 1 2 3 4;

Graph 252, order 7.
  0 : 4 5 6;
  1 : 4 5 6;
  2 : 3 5 6;
  3 : 2 5 6;
  4 : 0 1 6;
  5 : 0 1 2 3 6;
  6 : 0 1 2 3 4 5;

Graph 253, order 7.
  0 : 4 5 6;
  1 : 4 5 6;
  2 : 3 5 6;
  3 : 2 5 6;
  4 : 0 1 5 6;
  5 : 0 1 2 3 4;
  6 : 0 1 2 3 4;

Graph 254, order 7.
  0 : 4 5 6;
  1 : 4 5 6;
  2 : 3 5 6;
  3 : 2 5 6;
  4 : 0 1 5 6;
  5 : 0 1 2 3 4 6;
  6 : 0 1 2 3 4 5;

Graph 255, order 7.
  0 : 4;
  1 : 4 5 6;
  2 : 3 5 6;
  3 : 2 4 5 6;
  4 : 0 1 3 6;
  5 : 1 2 3 6;
  6 : 1 2 3 4 5;

Graph 256, order 7.
  0 : 4 6;
  1 : 4 5 6;
  2 : 3 5 6;
  3 : 2 4 5 6;
  4 : 0 1 3 6;
  5 : 1 2 3 6;
  6 : 0 1 2 3 4 5;

Graph 257, order 7.
  0 : 4 5;
  1 : 4 5 6;
  2 : 3 5 6;
  3 : 2 4 6;
  4 : 0 1 3;
  5 : 0 1 2 6;
  6 : 1 2 3 5;

Graph 258, order 7.
  0 : 4 5;
  1 : 4 5 6;
  2 : 3 5 6;
  3 : 2 4 5 6;
  4 : 0 1 3 6;
  5 : 0 1 2 3;
  6 : 1 2 3 4;

Graph 259, order 7.
  0 : 4 5;
  1 : 4 5 6;
  2 : 3 5 6;
  3 : 2 4 5 6;
  4 : 0 1 3 6;
  5 : 0 1 2 3 6;
  6 : 1 2 3 4 5;

Graph 260, order 7.
  0 : 4 6;
  1 : 4 5 6;
  2 : 3 4 5;
  3 : 2 5 6;
  4 : 0 1 2 6;
  5 : 1 2 3 6;
  6 : 0 1 3 4 5;

Graph 261, order 7.
  0 : 4 5;
  1 : 4 5;
  2 : 3 4 6;
  3 : 2 5 6;
  4 : 0 1 2 6;
  5 : 0 1 3 6;
  6 : 2 3 4 5;

Graph 262, order 7.
  0 : 4 5;
  1 : 4 5 6;
  2 : 3 4 6;
  3 : 2 5 6;
  4 : 0 1 2 6;
  5 : 0 1 3 6;
  6 : 1 2 3 4 5;

Graph 263, order 7.
  0 : 4 5;
  1 : 4 5 6;
  2 : 3 4 6;
  3 : 2 5 6;
  4 : 0 1 2 5 6;
  5 : 0 1 3 4 6;
  6 : 1 2 3 4 5;

Graph 264, order 7.
  0 : 6;
  1 : 3;
  2 : 5;
  3 : 1 6;
  4 : 5 6;
  5 : 2 4;
  6 : 0 3 4;

Graph 265, order 7.
  0 : 6;
  1 : 3;
  2 : 5 6;
  3 : 1 4;
  4 : 3 5 6;
  5 : 2 4 6;
  6 : 0 2 4 5;

Graph 266, order 7.
  0 : 6;
  1 : 3;
  2 : 4;
  3 : 1 5 6;
  4 : 2 5 6;
  5 : 3 4 6;
  6 : 0 3 4 5;

Graph 267, order 7.
  0 : 6;
  1 : 3 6;
  2 : 4 6;
  3 : 1 5;
  4 : 2 5;
  5 : 3 4;
  6 : 0 1 2;

Graph 268, order 7.
  0 : 6;
  1 : 3 5;
  2 : 4 5;
  3 : 1 6;
  4 : 2 6;
  5 : 1 2 6;
  6 : 0 3 4 5;

Graph 269, order 7.
  0 : 5;
  1 : 3 6;
  2 : 4 6;
  3 : 1 5 6;
  4 : 2 5 6;
  5 : 0 3 4 6;
  6 : 1 2 3 4 5;

Graph 270, order 7.
  0 : 5 6;
  1 : 3 6;
  2 : 4 6;
  3 : 1 5 6;
  4 : 2 5 6;
  5 : 0 3 4;
  6 : 0 1 2 3 4;

Graph 271, order 7.
  0 : 5 6;
  1 : 3 6;
  2 : 4 6;
  3 : 1 5 6;
  4 : 2 5 6;
  5 : 0 3 4 6;
  6 : 0 1 2 3 4 5;

Graph 272, order 7.
  0 : 5 6;
  1 : 3 5;
  2 : 4 6;
  3 : 1 5 6;
  4 : 2 5 6;
  5 : 0 1 3 4;
  6 : 0 2 3 4;

Graph 273, order 7.
  0 : 5 6;
  1 : 3 5;
  2 : 4 6;
  3 : 1 5 6;
  4 : 2 5 6;
  5 : 0 1 3 4 6;
  6 : 0 2 3 4 5;

Graph 274, order 7.
  0 : 6;
  1 : 3 6;
  2 : 4 5;
  3 : 1 4 5;
  4 : 2 3 5 6;
  5 : 2 3 4 6;
  6 : 0 1 4 5;

Graph 275, order 7.
  0 : 6;
  1 : 3 6;
  2 : 4 5 6;
  3 : 1 4 5 6;
  4 : 2 3 5 6;
  5 : 2 3 4 6;
  6 : 0 1 2 3 4 5;

Graph 276, order 7.
  0 : 6;
  1 : 3 5;
  2 : 4 6;
  3 : 1 4 5;
  4 : 2 3 5 6;
  5 : 1 3 4 6;
  6 : 0 2 4 5;

Graph 277, order 7.
  0 : 6;
  1 : 3 5;
  2 : 4 5;
  3 : 1 4 6;
  4 : 2 3 6;
  5 : 1 2 6;
  6 : 0 3 4 5;

Graph 278, order 7.
  0 : 6;
  1 : 3 5;
  2 : 4 5 6;
  3 : 1 4 5 6;
  4 : 2 3 5 6;
  5 : 1 2 3 4 6;
  6 : 0 2 3 4 5;

Graph 279, order 7.
  0 : 6;
  1 : 3 5 6;
  2 : 4 5 6;
  3 : 1 4 5 6;
  4 : 2 3 5 6;
  5 : 1 2 3 4;
  6 : 0 1 2 3 4;

Graph 280, order 7.
  0 : 6;
  1 : 3 5 6;
  2 : 4 5 6;
  3 : 1 4 5 6;
  4 : 2 3 5 6;
  5 : 1 2 3 4 6;
  6 : 0 1 2 3 4 5;

Graph 281, order 7.
  0 : 5 6;
  1 : 3 6;
  2 : 4 5 6;
  3 : 1 4 6;
  4 : 2 3 5;
  5 : 0 2 4 6;
  6 : 0 1 2 3 5;

Graph 282, order 7.
  0 : 5 6;
  1 : 3 6;
  2 : 4 5 6;
  3 : 1 4 5;
  4 : 2 3 6;
  5 : 0 2 3 6;
  6 : 0 1 2 4 5;

Graph 283, order 7.
  0 : 5 6;
  1 : 3 5;
  2 : 4 6;
  3 : 1 4 6;
  4 : 2 3 5;
  5 : 0 1 4 6;
  6 : 0 2 3 5;

Graph 284, order 7.
  0 : 5 6;
  1 : 3 5;
  2 : 4 6;
  3 : 1 4 5;
  4 : 2 3 6;
  5 : 0 1 3 6;
  6 : 0 2 4 5;

Graph 285, order 7.
  0 : 5 6;
  1 : 3 5;
  2 : 4 6;
  3 : 1 4 5 6;
  4 : 2 3 5 6;
  5 : 0 1 3 4 6;
  6 : 0 2 3 4 5;

Graph 286, order 7.
  0 : 5;
  1 : 3 5 6;
  2 : 4 5 6;
  3 : 1 4 6;
  4 : 2 3 6;
  5 : 0 1 2;
  6 : 1 2 3 4;

Graph 287, order 7.
  0 : 5;
  1 : 3 5 6;
  2 : 4 5 6;
  3 : 1 4 6;
  4 : 2 3 6;
  5 : 0 1 2 6;
  6 : 1 2 3 4 5;

Graph 288, order 7.
  0 : 5 6;
  1 : 3 5;
  2 : 4 5;
  3 : 1 4 6;
  4 : 2 3 6;
  5 : 0 1 2 6;
  6 : 0 3 4 5;

Graph 289, order 7.
  0 : 5 6;
  1 : 3 5;
  2 : 4 5 6;
  3 : 1 4 6;
  4 : 2 3 6;
  5 : 0 1 2 6;
  6 : 0 2 3 4 5;

Graph 290, order 7.
  0 : 5 6;
  1 : 3 5 6;
  2 : 4 5 6;
  3 : 1 4 6;
  4 : 2 3 6;
  5 : 0 1 2;
  6 : 0 1 2 3 4;

Graph 291, order 7.
  0 : 5 6;
  1 : 3 5 6;
  2 : 4 5 6;
  3 : 1 4 6;
  4 : 2 3 6;
  5 : 0 1 2 6;
  6 : 0 1 2 3 4 5;

Graph 292, order 7.
  0 : 5 6;
  1 : 3 5;
  2 : 4 5 6;
  3 : 1 4 6;
  4 : 2 3 5 6;
  5 : 0 1 2 4 6;
  6 : 0 2 3 4 5;

Graph 293, order 7.
  0 : 5 6;
  1 : 3 5 6;
  2 : 4 5 6;
  3 : 1 4 6;
  4 : 2 3 5;
  5 : 0 1 2 4;
  6 : 0 1 2 3;

Graph 294, order 7.
  0 : 5 6;
  1 : 3 5 6;
  2 : 4 5 6;
  3 : 1 4 6;
  4 : 2 3 5;
  5 : 0 1 2 4 6;
  6 : 0 1 2 3 5;

Graph 295, order 7.
  0 : 5 6;
  1 : 3 5 6;
  2 : 4 5 6;
  3 : 1 4 5 6;
  4 : 2 3 5 6;
  5 : 0 1 2 3 4;
  6 : 0 1 2 3 4;

Graph 296, order 7.
  0 : 5 6;
  1 : 3 5 6;
  2 : 4 5 6;
  3 : 1 4 5 6;
  4 : 2 3 5 6;
  5 : 0 1 2 3 4 6;
  6 : 0 1 2 3 4 5;

Graph 297, order 7.
  0 : 5 6;
  1 : 3 4;
  2 : 4 5 6;
  3 : 1 5 6;
  4 : 1 2 5 6;
  5 : 0 2 3 4;
  6 : 0 2 3 4;

Graph 298, order 7.
  0 : 5 6;
  1 : 3 4;
  2 : 4 5 6;
  3 : 1 5 6;
  4 : 1 2 5 6;
  5 : 0 2 3 4 6;
  6 : 0 2 3 4 5;

Graph 299, order 7.
  0 : 6;
  1 : 3 4 5;
  2 : 4 5 6;
  3 : 1 4 5 6;
  4 : 1 2 3 6;
  5 : 1 2 3 6;
  6 : 0 2 3 4 5;

Graph 300, order 7.
  0 : 5 6;
  1 : 3 4 6;
  2 : 4 5 6;
  3 : 1 4 5 6;
  4 : 1 2 3 5;
  5 : 0 2 3 4 6;
  6 : 0 1 2 3 5;

Graph 301, order 7.
  0 : 4;
  1 : 3;
  2 : 5 6;
  3 : 1 6;
  4 : 0 5 6;
  5 : 2 4 6;
  6 : 2 3 4 5;

Graph 302, order 7.
  0 : 4;
  1 : 3 6;
  2 : 5 6;
  3 : 1 4 5;
  4 : 0 3 5 6;
  5 : 2 3 4 6;
  6 : 1 2 4 5;

Graph 303, order 7.
  0 : 4;
  1 : 3;
  2 : 4 5 6;
  3 : 1 5 6;
  4 : 0 2 5 6;
  5 : 2 3 4 6;
  6 : 2 3 4 5;

Graph 304, order 7.
  0 : 4 6;
  1 : 3 6;
  2 : 4 5 6;
  3 : 1 5 6;
  4 : 0 2 5 6;
  5 : 2 3 4 6;
  6 : 0 1 2 3 4 5;

Graph 305, order 7.
  0 : 4 6;
  1 : 3 5;
  2 : 4 5 6;
  3 : 1 5 6;
  4 : 0 2 5 6;
  5 : 1 2 3 4;
  6 : 0 2 3 4;

Graph 306, order 7.
  0 : 4 6;
  1 : 3 5;
  2 : 4 5 6;
  3 : 1 5 6;
  4 : 0 2 5 6;
  5 : 1 2 3 4 6;
  6 : 0 2 3 4 5;

Graph 307, order 7.
  0 : 4 5;
  1 : 3 5;
  2 : 4 6;
  3 : 1 5 6;
  4 : 0 2 6;
  5 : 0 1 3 6;
  6 : 2 3 4 5;

Graph 308, order 7.
  0 : 4;
  1 : 3 5 6;
  2 : 4 5 6;
  3 : 1 4 5 6;
  4 : 0 2 3 5 6;
  5 : 1 2 3 4 6;
  6 : 1 2 3 4 5;

Graph 309, order 7.
  0 : 4 6;
  1 : 3 5 6;
  2 : 4 5 6;
  3 : 1 4 5 6;
  4 : 0 2 3 5 6;
  5 : 1 2 3 4 6;
  6 : 0 1 2 3 4 5;

Graph 310, order 7.
  0 : 4 6;
  1 : 3 4;
  2 : 4 5 6;
  3 : 1 5 6;
  4 : 0 1 2 5;
  5 : 2 3 4 6;
  6 : 0 2 3 5;

Graph 311, order 7.
  0 : 5 6;
  1 : 3 5;
  2 : 3 6;
  3 : 1 2 4;
  4 : 3 5 6;
  5 : 0 1 4 6;
  6 : 0 2 4 5;

Graph 312, order 7.
  0 : 6;
  1 : 3 4;
  2 : 3 5 6;
  3 : 1 2 4 5;
  4 : 1 3 5 6;
  5 : 2 3 4 6;
  6 : 0 2 4 5;

Graph 313, order 7.
  0 : 6;
  1 : 3 4;
  2 : 3 4 5;
  3 : 1 2 5 6;
  4 : 1 2 5 6;
  5 : 2 3 4 6;
  6 : 0 3 4 5;

Graph 314, order 7.
  0 : 5 6;
  1 : 3 4;
  2 : 3 4 6;
  3 : 1 2 5 6;
  4 : 1 2 5 6;
  5 : 0 3 4 6;
  6 : 0 2 3 4 5;

Graph 315, order 7.
  0 : 5 6;
  1 : 3 4 5;
  2 : 3 4 6;
  3 : 1 2 5 6;
  4 : 1 2 5 6;
  5 : 0 1 3 4 6;
  6 : 0 2 3 4 5;

Graph 316, order 7.
  0 : 5 6;
  1 : 3 4 5 6;
  2 : 3 4 5 6;
  3 : 1 2 4 5;
  4 : 1 2 3 6;
  5 : 0 1 2 3 6;
  6 : 0 1 2 4 5;

Graph 317, order 7.
  0 : 4;
  1 : 3 5;
  2 : 3 6;
  3 : 1 2;
  4 : 0 5 6;
  5 : 1 4 6;
  6 : 2 4 5;

Graph 318, order 7.
  0 : 4 5;
  1 : 3 6;
  2 : 3 4 6;
  3 : 1 2 5 6;
  4 : 0 2 5 6;
  5 : 0 3 4 6;
  6 : 1 2 3 4 5;

Graph 319, order 7.
  0 : 4;
  1 : 3 4;
  2 : 3 5 6;
  3 : 1 2 5 6;
  4 : 0 1 5 6;
  5 : 2 3 4 6;
  6 : 2 3 4 5;

Graph 320, order 7.
  0 : 4;
  1 : 3 4 6;
  2 : 3 5 6;
  3 : 1 2 5;
  4 : 0 1 5 6;
  5 : 2 3 4 6;
  6 : 1 2 4 5;

Graph 321, order 7.
  0 : 4 6;
  1 : 3 4 6;
  2 : 3 5 6;
  3 : 1 2 5;
  4 : 0 1 5 6;
  5 : 2 3 4 6;
  6 : 0 1 2 4 5;

Graph 322, order 7.
  0 : 4 6;
  1 : 3 4 5;
  2 : 3 5 6;
  3 : 1 2 6;
  4 : 0 1 5 6;
  5 : 1 2 4 6;
  6 : 0 2 3 4 5;

Graph 323, order 7.
  0 : 4 5;
  1 : 3 4;
  2 : 3 5 6;
  3 : 1 2 6;
  4 : 0 1 5 6;
  5 : 0 2 4 6;
  6 : 2 3 4 5;

Graph 324, order 7.
  0 : 4 5;
  1 : 3 4 6;
  2 : 3 5 6;
  3 : 1 2 6;
  4 : 0 1 5 6;
  5 : 0 2 4 6;
  6 : 1 2 3 4 5;

Graph 325, order 7.
  0 : 3;
  1 : 5;
  2 : 6;
  3 : 0 4;
  4 : 3 5 6;
  5 : 1 4 6;
  6 : 2 4 5;

Graph 326, order 7.
  0 : 3 6;
  1 : 5 6;
  2 : 5 6;
  3 : 0 4;
  4 : 3 5 6;
  5 : 1 2 4;
  6 : 0 1 2 4;

Graph 327, order 7.
  0 : 3 6;
  1 : 5 6;
  2 : 4 6;
  3 : 0 5;
  4 : 2 5 6;
  5 : 1 3 4;
  6 : 0 1 2 4;

Graph 328, order 7.
  0 : 3;
  1 : 5 6;
  2 : 4 5 6;
  3 : 0 4 6;
  4 : 2 3 5;
  5 : 1 2 4 6;
  6 : 1 2 3 5;

Graph 329, order 7.
  0 : 3;
  1 : 4;
  2 : 5;
  3 : 0 6;
  4 : 1 6;
  5 : 2 6;
  6 : 3 4 5;

Graph 330, order 7.
  0 : 3;
  1 : 4;
  2 : 5 6;
  3 : 0 5 6;
  4 : 1 5 6;
  5 : 2 3 4 6;
  6 : 2 3 4 5;

Graph 331, order 7.
  0 : 3;
  1 : 4 6;
  2 : 5 6;
  3 : 0 5 6;
  4 : 1 5 6;
  5 : 2 3 4 6;
  6 : 1 2 3 4 5;

Graph 332, order 7.
  0 : 3;
  1 : 4 6;
  2 : 5 6;
  3 : 0 4 6;
  4 : 1 3 5;
  5 : 2 4 6;
  6 : 1 2 3 5;

Graph 333, order 7.
  0 : 3;
  1 : 4 6;
  2 : 5 6;
  3 : 0 4 5;
  4 : 1 3 6;
  5 : 2 3 6;
  6 : 1 2 4 5;

Graph 334, order 7.
  0 : 3;
  1 : 4 6;
  2 : 5 6;
  3 : 0 4 5;
  4 : 1 3 5 6;
  5 : 2 3 4 6;
  6 : 1 2 4 5;

Graph 335, order 7.
  0 : 3;
  1 : 4 6;
  2 : 5 6;
  3 : 0 4 5 6;
  4 : 1 3 5 6;
  5 : 2 3 4 6;
  6 : 1 2 3 4 5;

Graph 336, order 7.
  0 : 3 6;
  1 : 4 6;
  2 : 5 6;
  3 : 0 4 5;
  4 : 1 3 5 6;
  5 : 2 3 4 6;
  6 : 0 1 2 4 5;

Graph 337, order 7.
  0 : 3 6;
  1 : 4 6;
  2 : 5 6;
  3 : 0 4 5 6;
  4 : 1 3 5 6;
  5 : 2 3 4 6;
  6 : 0 1 2 3 4 5;

Graph 338, order 7.
  0 : 3;
  1 : 4 5;
  2 : 5 6;
  3 : 0 4 6;
  4 : 1 3 6;
  5 : 1 2 6;
  6 : 2 3 4 5;

Graph 339, order 7.
  0 : 3 6;
  1 : 4 5;
  2 : 5 6;
  3 : 0 4 6;
  4 : 1 3 5 6;
  5 : 1 2 4 6;
  6 : 0 2 3 4 5;

Graph 340, order 7.
  0 : 3 5;
  1 : 4 6;
  2 : 5 6;
  3 : 0 4 6;
  4 : 1 3 5 6;
  5 : 0 2 4 6;
  6 : 1 2 3 4 5;

Graph 341, order 7.
  0 : 3;
  1 : 4 6;
  2 : 4 5 6;
  3 : 0 5 6;
  4 : 1 2 5 6;
  5 : 2 3 4 6;
  6 : 1 2 3 4 5;

Graph 342, order 7.
  0 : 3;
  1 : 4 5 6;
  2 : 4 5 6;
  3 : 0 5 6;
  4 : 1 2 5 6;
  5 : 1 2 3 4;
  6 : 1 2 3 4;

Graph 343, order 7.
  0 : 3;
  1 : 4 5 6;
  2 : 4 5 6;
  3 : 0 5 6;
  4 : 1 2 5 6;
  5 : 1 2 3 4 6;
  6 : 1 2 3 4 5;

Graph 344, order 7.
  0 : 3 6;
  1 : 4 5 6;
  2 : 4 5 6;
  3 : 0 5 6;
  4 : 1 2 5 6;
  5 : 1 2 3 4;
  6 : 0 1 2 3 4;

Graph 345, order 7.
  0 : 3 6;
  1 : 4 5 6;
  2 : 4 5 6;
  3 : 0 5 6;
  4 : 1 2 5 6;
  5 : 1 2 3 4 6;
  6 : 0 1 2 3 4 5;

Graph 346, order 7.
  0 : 3 6;
  1 : 4 5;
  2 : 4 5 6;
  3 : 0 4 5 6;
  4 : 1 2 3 5 6;
  5 : 1 2 3 4 6;
  6 : 0 2 3 4 5;

Graph 347, order 7.
  0 : 3 4;
  1 : 5 6;
  2 : 5 6;
  3 : 0 6;
  4 : 0 5 6;
  5 : 1 2 4 6;
  6 : 1 2 3 4 5;

Graph 348, order 7.
  0 : 3 4;
  1 : 5 6;
  2 : 5 6;
  3 : 0 4 6;
  4 : 0 3 5 6;
  5 : 1 2 4 6;
  6 : 1 2 3 4 5;

Graph 349, order 7.
  0 : 3;
  1 : 5 6;
  2 : 3 4;
  3 : 0 2 6;
  4 : 2 5 6;
  5 : 1 4 6;
  6 : 1 3 4 5;

Graph 350, order 7.
  0 : 3 6;
  1 : 4 6;
  2 : 3 5;
  3 : 0 2 6;
  4 : 1 5 6;
  5 : 2 4 6;
  6 : 0 1 3 4 5;

Graph 351, order 7.
  0 : 3;
  1 : 4 5;
  2 : 3 6;
  3 : 0 2;
  4 : 1 5 6;
  5 : 1 4 6;
  6 : 2 4 5;

Graph 352, order 7.
  0 : 3 6;
  1 : 4 5 6;
  2 : 3 5 6;
  3 : 0 2 4;
  4 : 1 3 5 6;
  5 : 1 2 4 6;
  6 : 0 1 2 4 5;

Graph 353, order 7.
  0 : 3 6;
  1 : 4 6;
  2 : 3 4 5;
  3 : 0 2 5 6;
  4 : 1 2 5 6;
  5 : 2 3 4 6;
  6 : 0 1 3 4 5;

Graph 354, order 7.
  0 : 3 5 6;
  1 : 4 5 6;
  2 : 3 4 6;
  3 : 0 2 5 6;
  4 : 1 2 5 6;
  5 : 0 1 3 4;
  6 : 0 1 2 3 4;

Graph 355, order 7.
  0 : 3 5 6;
  1 : 4 5 6;
  2 : 3 4 6;
  3 : 0 2 5 6;
  4 : 1 2 5 6;
  5 : 0 1 3 4 6;
  6 : 0 1 2 3 4 5;

Graph 356, order 7.
  0 : 3 5 6;
  1 : 4 5 6;
  2 : 3 4 5;
  3 : 0 2 6;
  4 : 1 2 6;
  5 : 0 1 2 6;
  6 : 0 1 3 4 5;

Graph 357, order 7.
  0 : 3 4;
  1 : 4 5 6;
  2 : 3 5 6;
  3 : 0 2 6;
  4 : 0 1 5 6;
  5 : 1 2 4 6;
  6 : 1 2 3 4 5;

Graph 358, order 7.
  0 : 3;
  1 : 3 6;
  2 : 4 5;
  3 : 0 1 6;
  4 : 2 5 6;
  5 : 2 4 6;
  6 : 1 3 4 5;

Graph 359, order 7.
  0 : 3 6;
  1 : 3 6;
  2 : 4 5;
  3 : 0 1 6;
  4 : 2 5 6;
  5 : 2 4 6;
  6 : 0 1 3 4 5;

Graph 360, order 7.
  0 : 3 5;
  1 : 3 4 6;
  2 : 4 5 6;
  3 : 0 1 5 6;
  4 : 1 2 5 6;
  5 : 0 2 3 4 6;
  6 : 1 2 3 4 5;

Graph 361, order 7.
  0 : 3 4;
  1 : 3 5;
  2 : 4 6;
  3 : 0 1 6;
  4 : 0 2 5;
  5 : 1 4 6;
  6 : 2 3 5;

Graph 362, order 7.
  0 : 3 4;
  1 : 3 5;
  2 : 4 6;
  3 : 0 1 5;
  4 : 0 2 6;
  5 : 1 3 6;
  6 : 2 4 5;

Graph 363, order 7.
  0 : 3 4;
  1 : 3 5;
  2 : 4 6;
  3 : 0 1 5 6;
  4 : 0 2 5 6;
  5 : 1 3 4 6;
  6 : 2 3 4 5;

Graph 364, order 7.
  0 : 3 4;
  1 : 3 5;
  2 : 4 5;
  3 : 0 1 6;
  4 : 0 2 6;
  5 : 1 2 6;
  6 : 3 4 5;

Graph 365, order 7.
  0 : 3 4;
  1 : 3 5 6;
  2 : 4 5 6;
  3 : 0 1 5 6;
  4 : 0 2 5 6;
  5 : 1 2 3 4;
  6 : 1 2 3 4;

Graph 366, order 7.
  0 : 3 4;
  1 : 3 5 6;
  2 : 4 5 6;
  3 : 0 1 5 6;
  4 : 0 2 5 6;
  5 : 1 2 3 4 6;
  6 : 1 2 3 4 5;

Graph 367, order 7.
  0 : 3 4;
  1 : 3 5 6;
  2 : 4 5 6;
  3 : 0 1 4 6;
  4 : 0 2 3 5;
  5 : 1 2 4 6;
  6 : 1 2 3 5;

Graph 368, order 7.
  0 : 3 4;
  1 : 3 5 6;
  2 : 4 5 6;
  3 : 0 1 4 5 6;
  4 : 0 2 3 5 6;
  5 : 1 2 3 4 6;
  6 : 1 2 3 4 5;

Graph 369, order 7.
  0 : 3 4 6;
  1 : 3 5 6;
  2 : 4 5 6;
  3 : 0 1 4 5;
  4 : 0 2 3 5 6;
  5 : 1 2 3 4 6;
  6 : 0 1 2 4 5;

Graph 370, order 7.
  0 : 3 4;
  1 : 3 4;
  2 : 5 6;
  3 : 0 1 5;
  4 : 0 1 6;
  5 : 2 3 6;
  6 : 2 4 5;

Graph 371, order 7.
  0 : 3 4;
  1 : 3 4;
  2 : 5 6;
  3 : 0 1 5 6;
  4 : 0 1 5 6;
  5 : 2 3 4 6;
  6 : 2 3 4 5;

Graph 372, order 7.
  0 : 3 4;
  1 : 3 5;
  2 : 3 6;
  3 : 0 1 2;
  4 : 0 5 6;
  5 : 1 4 6;
  6 : 2 4 5;

Graph 373, order 7.
  0 : 3 4 6;
  1 : 3 5 6;
  2 : 3 4 5;
  3 : 0 1 2 6;
  4 : 0 2 5 6;
  5 : 1 2 4 6;
  6 : 0 1 3 4 5;

Graph 374, order 7.
  0 : 6;
  1 : 2;
  2 : 1 6;
  3 : 5 6;
  4 : 5 6;
  5 : 3 4;
  6 : 0 2 3 4;

Graph 375, order 7.
  0 : 6;
  1 : 2;
  2 : 1 6;
  3 : 4 5;
  4 : 3 5 6;
  5 : 3 4 6;
  6 : 0 2 4 5;

Graph 376, order 7.
  0 : 6;
  1 : 2 6;
  2 : 1 6;
  3 : 4 5 6;
  4 : 3 5 6;
  5 : 3 4 6;
  6 : 0 1 2 3 4 5;

Graph 377, order 7.
  0 : 6;
  1 : 2;
  2 : 1 5 6;
  3 : 4 5 6;
  4 : 3 5 6;
  5 : 2 3 4;
  6 : 0 2 3 4;

Graph 378, order 7.
  0 : 6;
  1 : 2;
  2 : 1 5 6;
  3 : 4 5 6;
  4 : 3 5 6;
  5 : 2 3 4 6;
  6 : 0 2 3 4 5;

Graph 379, order 7.
  0 : 6;
  1 : 2 6;
  2 : 1 5 6;
  3 : 4 5 6;
  4 : 3 5 6;
  5 : 2 3 4 6;
  6 : 0 1 2 3 4 5;

Graph 380, order 7.
  0 : 6;
  1 : 2 5;
  2 : 1 6;
  3 : 4 5 6;
  4 : 3 5 6;
  5 : 1 3 4;
  6 : 0 2 3 4;

Graph 381, order 7.
  0 : 6;
  1 : 2 5;
  2 : 1 6;
  3 : 4 5 6;
  4 : 3 5 6;
  5 : 1 3 4 6;
  6 : 0 2 3 4 5;

Graph 382, order 7.
  0 : 6;
  1 : 2 5;
  2 : 1 5;
  3 : 4 6;
  4 : 3 6;
  5 : 1 2 6;
  6 : 0 3 4 5;

Graph 383, order 7.
  0 : 6;
  1 : 2 5;
  2 : 1 5 6;
  3 : 4 5 6;
  4 : 3 5 6;
  5 : 1 2 3 4;
  6 : 0 2 3 4;

Graph 384, order 7.
  0 : 6;
  1 : 2 5;
  2 : 1 5 6;
  3 : 4 5 6;
  4 : 3 5 6;
  5 : 1 2 3 4 6;
  6 : 0 2 3 4 5;

Graph 385, order 7.
  0 : 6;
  1 : 2 5 6;
  2 : 1 5 6;
  3 : 4 5 6;
  4 : 3 5 6;
  5 : 1 2 3 4;
  6 : 0 1 2 3 4;

Graph 386, order 7.
  0 : 6;
  1 : 2 5 6;
  2 : 1 5 6;
  3 : 4 5 6;
  4 : 3 5 6;
  5 : 1 2 3 4 6;
  6 : 0 1 2 3 4 5;

Graph 387, order 7.
  0 : 5;
  1 : 2;
  2 : 1 6;
  3 : 4 5;
  4 : 3 6;
  5 : 0 3 6;
  6 : 2 4 5;

Graph 388, order 7.
  0 : 5;
  1 : 2 6;
  2 : 1 6;
  3 : 4 5 6;
  4 : 3 5 6;
  5 : 0 3 4;
  6 : 1 2 3 4;

Graph 389, order 7.
  0 : 5;
  1 : 2 6;
  2 : 1 6;
  3 : 4 5 6;
  4 : 3 5 6;
  5 : 0 3 4 6;
  6 : 1 2 3 4 5;

Graph 390, order 7.
  0 : 5 6;
  1 : 2 6;
  2 : 1 6;
  3 : 4 5 6;
  4 : 3 5 6;
  5 : 0 3 4 6;
  6 : 0 1 2 3 4 5;

Graph 391, order 7.
  0 : 5;
  1 : 2;
  2 : 1 5;
  3 : 4 6;
  4 : 3 6;
  5 : 0 2 6;
  6 : 3 4 5;

Graph 392, order 7.
  0 : 5 6;
  1 : 2 6;
  2 : 1 5 6;
  3 : 4 5 6;
  4 : 3 5 6;
  5 : 0 2 3 4;
  6 : 0 1 2 3 4;

Graph 393, order 7.
  0 : 5 6;
  1 : 2 6;
  2 : 1 5 6;
  3 : 4 5 6;
  4 : 3 5 6;
  5 : 0 2 3 4 6;
  6 : 0 1 2 3 4 5;

Graph 394, order 7.
  0 : 5;
  1 : 2 5;
  2 : 1 6;
  3 : 4 6;
  4 : 3 6;
  5 : 0 1 6;
  6 : 2 3 4 5;

Graph 395, order 7.
  0 : 5 6;
  1 : 2 5;
  2 : 1 6;
  3 : 4 6;
  4 : 3 6;
  5 : 0 1 6;
  6 : 0 2 3 4 5;

Graph 396, order 7.
  0 : 5 6;
  1 : 2 5 6;
  2 : 1 5 6;
  3 : 4 5 6;
  4 : 3 5 6;
  5 : 0 1 2 3 4;
  6 : 0 1 2 3 4;

Graph 397, order 7.
  0 : 5 6;
  1 : 2 5 6;
  2 : 1 5 6;
  3 : 4 5 6;
  4 : 3 5 6;
  5 : 0 1 2 3 4 6;
  6 : 0 1 2 3 4 5;

Graph 398, order 7.
  0 : 6;
  1 : 2 6;
  2 : 1 4 5;
  3 : 4 5 6;
  4 : 2 3 5 6;
  5 : 2 3 4 6;
  6 : 0 1 3 4 5;

Graph 399, order 7.
  0 : 5;
  1 : 2 6;
  2 : 1 4 6;
  3 : 4 5 6;
  4 : 2 3 5 6;
  5 : 0 3 4 6;
  6 : 1 2 3 4 5;

Graph 400, order 7.
  0 : 5 6;
  1 : 2 5;
  2 : 1 4;
  3 : 4 5 6;
  4 : 2 3 6;
  5 : 0 1 3 6;
  6 : 0 3 4 5;

Graph 401, order 7.
  0 : 6;
  1 : 2 4;
  2 : 1 5;
  3 : 4 5 6;
  4 : 1 3 6;
  5 : 2 3 6;
  6 : 0 3 4 5;

Graph 402, order 7.
  0 : 6;
  1 : 2 4;
  2 : 1 5 6;
  3 : 4 5 6;
  4 : 1 3 5 6;
  5 : 2 3 4 6;
  6 : 0 2 3 4 5;

Graph 403, order 7.
  0 : 6;
  1 : 2 4 6;
  2 : 1 5 6;
  3 : 4 5 6;
  4 : 1 3 5;
  5 : 2 3 4;
  6 : 0 1 2 3;

Graph 404, order 7.
  0 : 5 6;
  1 : 2 4;
  2 : 1 5 6;
  3 : 4 5 6;
  4 : 1 3 6;
  5 : 0 2 3 6;
  6 : 0 2 3 4 5;

Graph 405, order 7.
  0 : 4;
  1 : 2 5;
  2 : 1 6;
  3 : 4 5 6;
  4 : 0 3 6;
  5 : 1 3 6;
  6 : 2 3 4 5;

Graph 406, order 7.
  0 : 4;
  1 : 2 5;
  2 : 1 6;
  3 : 4 5 6;
  4 : 0 3 5 6;
  5 : 1 3 4 6;
  6 : 2 3 4 5;

Graph 407, order 7.
  0 : 4;
  1 : 2 5;
  2 : 1 5 6;
  3 : 4 5 6;
  4 : 0 3 6;
  5 : 1 2 3 6;
  6 : 2 3 4 5;

Graph 408, order 7.
  0 : 6;
  1 : 2 6;
  2 : 1 3 6;
  3 : 2 4 5;
  4 : 3 5 6;
  5 : 3 4 6;
  6 : 0 1 2 4 5;

Graph 409, order 7.
  0 : 6;
  1 : 2 5;
  2 : 1 3 6;
  3 : 2 4 5;
  4 : 3 5 6;
  5 : 1 3 4 6;
  6 : 0 2 4 5;

Graph 410, order 7.
  0 : 6;
  1 : 2 5;
  2 : 1 3 5;
  3 : 2 4 6;
  4 : 3 5 6;
  5 : 1 2 4 6;
  6 : 0 3 4 5;

Graph 411, order 7.
  0 : 5;
  1 : 2 6;
  2 : 1 3 6;
  3 : 2 4 6;
  4 : 3 5 6;
  5 : 0 4 6;
  6 : 1 2 3 4 5;

Graph 412, order 7.
  0 : 5;
  1 : 2 5;
  2 : 1 3 6;
  3 : 2 4 6;
  4 : 3 5 6;
  5 : 0 1 4 6;
  6 : 2 3 4 5;

Graph 413, order 7.
  0 : 6;
  1 : 2 6;
  2 : 1 3 4;
  3 : 2 5 6;
  4 : 2 5 6;
  5 : 3 4 6;
  6 : 0 1 3 4 5;

Graph 414, order 7.
  0 : 6;
  1 : 2 5;
  2 : 1 3 4;
  3 : 2 5 6;
  4 : 2 5 6;
  5 : 1 3 4 6;
  6 : 0 3 4 5;

Graph 415, order 7.
  0 : 5;
  1 : 2 6;
  2 : 1 3 4 6;
  3 : 2 4 5 6;
  4 : 2 3 5 6;
  5 : 0 3 4 6;
  6 : 1 2 3 4 5;

Graph 416, order 7.
  0 : 5 6;
  1 : 2 4;
  2 : 1 3 6;
  3 : 2 4 5;
  4 : 1 3 5 6;
  5 : 0 3 4 6;
  6 : 0 2 4 5;

Graph 417, order 7.
  0 : 5 6;
  1 : 2 4;
  2 : 1 3 4;
  3 : 2 5 6;
  4 : 1 2 5 6;
  5 : 0 3 4 6;
  6 : 0 3 4 5;

Graph 418, order 7.
  0 : 4;
  1 : 2 5;
  2 : 1 3 6;
  3 : 2 5 6;
  4 : 0 5 6;
  5 : 1 3 4 6;
  6 : 2 3 4 5;

Graph 419, order 7.
  0 : 4;
  1 : 2 5 6;
  2 : 1 3 5 6;
  3 : 2 4 5 6;
  4 : 0 3 5 6;
  5 : 1 2 3 4 6;
  6 : 1 2 3 4 5;

Graph 420, order 7.
  0 : 4 6;
  1 : 2 5 6;
  2 : 1 3 5 6;
  3 : 2 4 5 6;
  4 : 0 3 5 6;
  5 : 1 2 3 4 6;
  6 : 0 1 2 3 4 5;

Graph 421, order 7.
  0 : 5;
  1 : 2 3;
  2 : 1 5 6;
  3 : 1 4 6;
  4 : 3 5 6;
  5 : 0 2 4;
  6 : 2 3 4;

Graph 422, order 7.
  0 : 5 6;
  1 : 2 3;
  2 : 1 5 6;
  3 : 1 4 6;
  4 : 3 5 6;
  5 : 0 2 4;
  6 : 0 2 3 4;

Graph 423, order 7.
  0 : 6;
  1 : 2 3;
  2 : 1 4 6;
  3 : 1 5 6;
  4 : 2 5 6;
  5 : 3 4 6;
  6 : 0 2 3 4 5;

Graph 424, order 7.
  0 : 6;
  1 : 2 3 6;
  2 : 1 4 6;
  3 : 1 5 6;
  4 : 2 5 6;
  5 : 3 4 6;
  6 : 0 1 2 3 4 5;

Graph 425, order 7.
  0 : 5;
  1 : 2 3;
  2 : 1 4 6;
  3 : 1 5 6;
  4 : 2 5 6;
  5 : 0 3 4 6;
  6 : 2 3 4 5;

Graph 426, order 7.
  0 : 5 6;
  1 : 2 3;
  2 : 1 4;
  3 : 1 5 6;
  4 : 2 5 6;
  5 : 0 3 4 6;
  6 : 0 3 4 5;

Graph 427, order 7.
  0 : 6;
  1 : 2 3;
  2 : 1 4 5;
  3 : 1 4 5 6;
  4 : 2 3 5 6;
  5 : 2 3 4 6;
  6 : 0 3 4 5;

Graph 428, order 7.
  0 : 6;
  1 : 2 3 5 6;
  2 : 1 4 5 6;
  3 : 1 4 5 6;
  4 : 2 3 5 6;
  5 : 1 2 3 4;
  6 : 0 1 2 3 4;

Graph 429, order 7.
  0 : 5 6;
  1 : 2 3 5;
  2 : 1 4 6;
  3 : 1 4 5;
  4 : 2 3 6;
  5 : 0 1 3 6;
  6 : 0 2 4 5;

Graph 430, order 7.
  0 : 5;
  1 : 2 3 4;
  2 : 1 4 5 6;
  3 : 1 4 5 6;
  4 : 1 2 3 6;
  5 : 0 2 3 6;
  6 : 2 3 4 5;

Graph 431, order 7.
  0 : 5 6;
  1 : 2 3 4;
  2 : 1 4 5 6;
  3 : 1 4 5 6;
  4 : 1 2 3 6;
  5 : 0 2 3 6;
  6 : 0 2 3 4 5;

Graph 432, order 7.
  0 : 4;
  1 : 2 3;
  2 : 1 5 6;
  3 : 1 5 6;
  4 : 0 5 6;
  5 : 2 3 4;
  6 : 2 3 4;

Graph 433, order 7.
  0 : 4;
  1 : 2 3;
  2 : 1 5 6;
  3 : 1 5 6;
  4 : 0 5 6;
  5 : 2 3 4 6;
  6 : 2 3 4 5;

Graph 434, order 7.
  0 : 4 6;
  1 : 2 3;
  2 : 1 5 6;
  3 : 1 5 6;
  4 : 0 5 6;
  5 : 2 3 4;
  6 : 0 2 3 4;

Graph 435, order 7.
  0 : 4 6;
  1 : 2 3;
  2 : 1 5 6;
  3 : 1 5 6;
  4 : 0 5 6;
  5 : 2 3 4 6;
  6 : 0 2 3 4 5;

Graph 436, order 7.
  0 : 4 5;
  1 : 2 3;
  2 : 1 4 6;
  3 : 1 5 6;
  4 : 0 2 5 6;
  5 : 0 3 4 6;
  6 : 2 3 4 5;

Graph 437, order 7.
  0 : 4;
  1 : 2 3;
  2 : 1 3 5;
  3 : 1 2 6;
  4 : 0 5 6;
  5 : 2 4 6;
  6 : 3 4 5;

Graph 438, order 7.
  0 : 4 6;
  1 : 2 3 6;
  2 : 1 3 4 5;
  3 : 1 2 5 6;
  4 : 0 2 5 6;
  5 : 2 3 4 6;
  6 : 0 1 3 4 5;

Graph 439, order 7.
  0 : 4 5;
  1 : 2 3 6;
  2 : 1 3 4 6;
  3 : 1 2 5 6;
  4 : 0 2 5 6;
  5 : 0 3 4 6;
  6 : 1 2 3 4 5;

Graph 440, order 7.
  0 : 3 6;
  1 : 2 5;
  2 : 1 5 6;
  3 : 0 4 6;
  4 : 3 5 6;
  5 : 1 2 4;
  6 : 0 2 3 4;

Graph 441, order 7.
  0 : 3 6;
  1 : 2 5;
  2 : 1 4 6;
  3 : 0 5 6;
  4 : 2 5 6;
  5 : 1 3 4;
  6 : 0 2 3 4;

Graph 442, order 7.
  0 : 3 5;
  1 : 2 5 6;
  2 : 1 4 6;
  3 : 0 4 5 6;
  4 : 2 3 5 6;
  5 : 0 1 3 4;
  6 : 1 2 3 4;

Graph 443, order 7.
  0 : 3;
  1 : 2 4 6;
  2 : 1 5 6;
  3 : 0 4 5 6;
  4 : 1 3 5 6;
  5 : 2 3 4 6;
  6 : 1 2 3 4 5;

Graph 444, order 7.
  0 : 3 6;
  1 : 2 4 6;
  2 : 1 5 6;
  3 : 0 4 5 6;
  4 : 1 3 5 6;
  5 : 2 3 4 6;
  6 : 0 1 2 3 4 5;

Graph 445, order 7.
  0 : 3 5;
  1 : 2 4 6;
  2 : 1 5 6;
  3 : 0 4 5 6;
  4 : 1 3 5 6;
  5 : 0 2 3 4 6;
  6 : 1 2 3 4 5;

Graph 446, order 7.
  0 : 3 6;
  1 : 2 4 5;
  2 : 1 4 5 6;
  3 : 0 4 5 6;
  4 : 1 2 3 5 6;
  5 : 1 2 3 4 6;
  6 : 0 2 3 4 5;

Graph 447, order 7.
  0 : 3 5 6;
  1 : 2 4 5;
  2 : 1 4 5 6;
  3 : 0 4 5 6;
  4 : 1 2 3 6;
  5 : 0 1 2 3 6;
  6 : 0 2 3 4 5;

Graph 448, order 7.
  0 : 3 4;
  1 : 2 5 6;
  2 : 1 5 6;
  3 : 0 4 5 6;
  4 : 0 3 5 6;
  5 : 1 2 3 4;
  6 : 1 2 3 4;

Graph 449, order 7.
  0 : 3 4;
  1 : 2 5 6;
  2 : 1 5 6;
  3 : 0 4 5 6;
  4 : 0 3 5 6;
  5 : 1 2 3 4 6;
  6 : 1 2 3 4 5;

Graph 450, order 7.
  0 : 3 4 5;
  1 : 2 4 6;
  2 : 1 5 6;
  3 : 0 4 5 6;
  4 : 0 1 3 5 6;
  5 : 0 2 3 4 6;
  6 : 1 2 3 4 5;

Graph 451, order 7.
  0 : 3 6;
  1 : 2 3;
  2 : 1 5 6;
  3 : 0 1 4;
  4 : 3 5 6;
  5 : 2 4 6;
  6 : 0 2 4 5;

Graph 452, order 7.
  0 : 2;
  1 : 6;
  2 : 0 6;
  3 : 4 5 6;
  4 : 3 5 6;
  5 : 3 4 6;
  6 : 1 2 3 4 5;

Graph 453, order 7.
  0 : 2;
  1 : 6;
  2 : 0 5;
  3 : 4 5 6;
  4 : 3 5 6;
  5 : 2 3 4 6;
  6 : 1 3 4 5;

Graph 454, order 7.
  0 : 2;
  1 : 5 6;
  2 : 0 6;
  3 : 4 5;
  4 : 3 6;
  5 : 1 3 6;
  6 : 1 2 4 5;

Graph 455, order 7.
  0 : 2;
  1 : 5 6;
  2 : 0 6;
  3 : 4 5 6;
  4 : 3 5 6;
  5 : 1 3 4;
  6 : 1 2 3 4;

Graph 456, order 7.
  0 : 2;
  1 : 5 6;
  2 : 0 6;
  3 : 4 5 6;
  4 : 3 5 6;
  5 : 1 3 4 6;
  6 : 1 2 3 4 5;

Graph 457, order 7.
  0 : 2;
  1 : 5 6;
  2 : 0 5;
  3 : 4 6;
  4 : 3 6;
  5 : 1 2;
  6 : 1 3 4;

Graph 458, order 7.
  0 : 2;
  1 : 5 6;
  2 : 0 5;
  3 : 4 6;
  4 : 3 6;
  5 : 1 2 6;
  6 : 1 3 4 5;

Graph 459, order 7.
  0 : 2;
  1 : 5 6;
  2 : 0 5 6;
  3 : 4 5 6;
  4 : 3 5 6;
  5 : 1 2 3 4;
  6 : 1 2 3 4;

Graph 460, order 7.
  0 : 2;
  1 : 5 6;
  2 : 0 5 6;
  3 : 4 5 6;
  4 : 3 5 6;
  5 : 1 2 3 4 6;
  6 : 1 2 3 4 5;

Graph 461, order 7.
  0 : 2;
  1 : 5 6;
  2 : 0 4;
  3 : 4 5 6;
  4 : 2 3 6;
  5 : 1 3 6;
  6 : 1 3 4 5;

Graph 462, order 7.
  0 : 2;
  1 : 4 6;
  2 : 0 5;
  3 : 5 6;
  4 : 1 5 6;
  5 : 2 3 4;
  6 : 1 3 4;

Graph 463, order 7.
  0 : 2;
  1 : 4 6;
  2 : 0 5;
  3 : 5 6;
  4 : 1 5 6;
  5 : 2 3 4 6;
  6 : 1 3 4 5;

Graph 464, order 7.
  0 : 2 6;
  1 : 4 6;
  2 : 0 5;
  3 : 4 5;
  4 : 1 3 6;
  5 : 2 3 6;
  6 : 0 1 4 5;

Graph 465, order 7.
  0 : 2 6;
  1 : 4 6;
  2 : 0 5;
  3 : 4 5 6;
  4 : 1 3 5 6;
  5 : 2 3 4 6;
  6 : 0 1 3 4 5;

Graph 466, order 7.
  0 : 2 6;
  1 : 4 6;
  2 : 0 5 6;
  3 : 4 5 6;
  4 : 1 3 5;
  5 : 2 3 4;
  6 : 0 1 2 3;

Graph 467, order 7.
  0 : 2 6;
  1 : 4 6;
  2 : 0 5 6;
  3 : 4 5 6;
  4 : 1 3 5;
  5 : 2 3 4 6;
  6 : 0 1 2 3 5;

Graph 468, order 7.
  0 : 2 6;
  1 : 4 5;
  2 : 0 5 6;
  3 : 4 5 6;
  4 : 1 3 6;
  5 : 1 2 3 6;
  6 : 0 2 3 4 5;

Graph 469, order 7.
  0 : 2 5;
  1 : 4 6;
  2 : 0 5 6;
  3 : 4 5 6;
  4 : 1 3 6;
  5 : 0 2 3 6;
  6 : 1 2 3 4 5;

Graph 470, order 7.
  0 : 2;
  1 : 6;
  2 : 0 3;
  3 : 2 4 5;
  4 : 3 5 6;
  5 : 3 4 6;
  6 : 1 4 5;

Graph 471, order 7.
  0 : 2 6;
  1 : 5 6;
  2 : 0 3 4;
  3 : 2 4 5 6;
  4 : 2 3 5 6;
  5 : 1 3 4 6;
  6 : 0 1 3 4 5;

Graph 472, order 7.
  0 : 2;
  1 : 4 5 6;
  2 : 0 3 6;
  3 : 2 4 5;
  4 : 1 3 5 6;
  5 : 1 3 4 6;
  6 : 1 2 4 5;

Graph 473, order 7.
  0 : 2 6;
  1 : 4 5;
  2 : 0 3 6;
  3 : 2 4 5 6;
  4 : 1 3 5 6;
  5 : 1 3 4 6;
  6 : 0 2 3 4 5;

Graph 474, order 7.
  0 : 2 6;
  1 : 4 5 6;
  2 : 0 3 6;
  3 : 2 4 5;
  4 : 1 3 5 6;
  5 : 1 3 4 6;
  6 : 0 1 2 4 5;

Graph 475, order 7.
  0 : 2 5;
  1 : 4 6;
  2 : 0 3 6;
  3 : 2 4 5 6;
  4 : 1 3 5 6;
  5 : 0 3 4 6;
  6 : 1 2 3 4 5;

Graph 476, order 7.
  0 : 2 5;
  1 : 4 5 6;
  2 : 0 3 6;
  3 : 2 4 5;
  4 : 1 3 6;
  5 : 0 1 3 6;
  6 : 1 2 4 5;

Graph 477, order 7.
  0 : 2 5;
  1 : 4 5 6;
  2 : 0 3 6;
  3 : 2 4 5 6;
  4 : 1 3 5 6;
  5 : 0 1 3 4 6;
  6 : 1 2 3 4 5;

Graph 478, order 7.
  0 : 2 5;
  1 : 4 5 6;
  2 : 0 3 5;
  3 : 2 4 6;
  4 : 1 3 6;
  5 : 0 1 2 6;
  6 : 1 3 4 5;

Graph 479, order 7.
  0 : 2 5 6;
  1 : 4 5 6;
  2 : 0 3 5;
  3 : 2 4 6;
  4 : 1 3 6;
  5 : 0 1 2 6;
  6 : 0 1 3 4 5;

Graph 480, order 7.
  0 : 2 4 6;
  1 : 4 5 6;
  2 : 0 3 5;
  3 : 2 5 6;
  4 : 0 1 5 6;
  5 : 1 2 3 4 6;
  6 : 0 1 3 4 5;

Graph 481, order 7.
  0 : 2;
  1 : 3;
  2 : 0 6;
  3 : 1 6;
  4 : 5 6;
  5 : 4 6;
  6 : 2 3 4 5;

Graph 482, order 7.
  0 : 2;
  1 : 3;
  2 : 0 6;
  3 : 1 5;
  4 : 5 6;
  5 : 3 4 6;
  6 : 2 4 5;

Graph 483, order 7.
  0 : 2;
  1 : 3;
  2 : 0 5;
  3 : 1 4;
  4 : 3 6;
  5 : 2 6;
  6 : 4 5;

Graph 484, order 7.
  0 : 2;
  1 : 3;
  2 : 0 5 6;
  3 : 1 4 6;
  4 : 3 5 6;
  5 : 2 4 6;
  6 : 2 3 4 5;

Graph 485, order 7.
  0 : 2 6;
  1 : 3 6;
  2 : 0 5;
  3 : 1 4;
  4 : 3 5 6;
  5 : 2 4 6;
  6 : 0 1 4 5;

Graph 486, order 7.
  0 : 2 6;
  1 : 3 6;
  2 : 0 5 6;
  3 : 1 4 6;
  4 : 3 5 6;
  5 : 2 4 6;
  6 : 0 1 2 3 4 5;

Graph 487, order 7.
  0 : 2 6;
  1 : 3 6;
  2 : 0 4;
  3 : 1 5 6;
  4 : 2 5 6;
  5 : 3 4 6;
  6 : 0 1 3 4 5;

Graph 488, order 7.
  0 : 2;
  1 : 3;
  2 : 0 4 5 6;
  3 : 1 4 5 6;
  4 : 2 3 5 6;
  5 : 2 3 4 6;
  6 : 2 3 4 5;

Graph 489, order 7.
  0 : 2 6;
  1 : 3 6;
  2 : 0 4 5 6;
  3 : 1 4 5 6;
  4 : 2 3 5 6;
  5 : 2 3 4 6;
  6 : 0 1 2 3 4 5;

Graph 490, order 7.
  0 : 2 5;
  1 : 3 6;
  2 : 0 4 5 6;
  3 : 1 4 5 6;
  4 : 2 3 5 6;
  5 : 0 2 3 4 6;
  6 : 1 2 3 4 5;

Graph 491, order 7.
  0 : 2 5;
  1 : 3 5 6;
  2 : 0 4 6;
  3 : 1 4 5;
  4 : 2 3 6;
  5 : 0 1 3 6;
  6 : 1 2 4 5;

Graph 492, order 7.
  0 : 2 5 6;
  1 : 3 5 6;
  2 : 0 4 6;
  3 : 1 4 5 6;
  4 : 2 3 5 6;
  5 : 0 1 3 4 6;
  6 : 0 1 2 3 4 5;

Graph 493, order 7.
  0 : 2 5 6;
  1 : 3 5 6;
  2 : 0 4 5 6;
  3 : 1 4 5 6;
  4 : 2 3 5 6;
  5 : 0 1 2 3 4;
  6 : 0 1 2 3 4;

Graph 494, order 7.
  0 : 2;
  1 : 3 4;
  2 : 0 5 6;
  3 : 1 4 5 6;
  4 : 1 3 5 6;
  5 : 2 3 4 6;
  6 : 2 3 4 5;

Graph 495, order 7.
  0 : 2 4;
  1 : 3 5;
  2 : 0 5 6;
  3 : 1 4 6;
  4 : 0 3 5 6;
  5 : 1 2 4 6;
  6 : 2 3 4 5;

Graph 496, order 7.
  0 : 2 4;
  1 : 3 5;
  2 : 0 4 6;
  3 : 1 5 6;
  4 : 0 2 5 6;
  5 : 1 3 4 6;
  6 : 2 3 4 5;

Graph 497, order 7.
  0 : 2 4 6;
  1 : 3 5 6;
  2 : 0 4 5;
  3 : 1 4 5;
  4 : 0 2 3 6;
  5 : 1 2 3 6;
  6 : 0 1 4 5;

Graph 498, order 7.
  0 : 2 4;
  1 : 3 4;
  2 : 0 5 6;
  3 : 1 5 6;
  4 : 0 1 5 6;
  5 : 2 3 4 6;
  6 : 2 3 4 5;

Graph 499, order 7.
  0 : 2 4 5;
  1 : 3 4 6;
  2 : 0 5 6;
  3 : 1 5 6;
  4 : 0 1 5 6;
  5 : 0 2 3 4 6;
  6 : 1 2 3 4 5;

Graph 500, order 7.
  0 : 2 4 6;
  1 : 3 5 6;
  2 : 0 3 4;
  3 : 1 2 5 6;
  4 : 0 2 5 6;
  5 : 1 3 4 6;
  6 : 0 1 3 4 5;

Graph 501, order 7.
  0 : 2 3;
  1 : 4 5 6;
  2 : 0 5 6;
  3 : 0 4 5 6;
  4 : 1 3 5 6;
  5 : 1 2 3 4;
  6 : 1 2 3 4;

Graph 502, order 7.
  0 : 2 3;
  1 : 4 5 6;
  2 : 0 5 6;
  3 : 0 4 5 6;
  4 : 1 3 5 6;
  5 : 1 2 3 4 6;
  6 : 1 2 3 4 5;

Graph 503, order 7.
  0 : 2 3;
  1 : 4 5;
  2 : 0 4 6;
  3 : 0 5 6;
  4 : 1 2 6;
  5 : 1 3 6;
  6 : 2 3 4 5;

Graph 504, order 7.
  0 : 2 3;
  1 : 4 5;
  2 : 0 3 6;
  3 : 0 2 6;
  4 : 1 5 6;
  5 : 1 4 6;
  6 : 2 3 4 5;

Graph 505, order 7.
  0 : 2 3;
  1 : 4 5;
  2 : 0 3 4 6;
  3 : 0 2 5 6;
  4 : 1 2 5 6;
  5 : 1 3 4 6;
  6 : 2 3 4 5;

Graph 506, order 7.
  0 : 2 3 6;
  1 : 4 5 6;
  2 : 0 3 4 6;
  3 : 0 2 5 6;
  4 : 1 2 5 6;
  5 : 1 3 4 6;
  6 : 0 1 2 3 4 5;

Graph 507, order 7.
  0 : 2;
  1 : 2;
  2 : 0 1 6;
  3 : 4 5 6;
  4 : 3 5 6;
  5 : 3 4 6;
  6 : 2 3 4 5;

Graph 508, order 7.
  0 : 2;
  1 : 2 6;
  2 : 0 1;
  3 : 4 5 6;
  4 : 3 5 6;
  5 : 3 4 6;
  6 : 1 3 4 5;

Graph 509, order 7.
  0 : 2;
  1 : 2 6;
  2 : 0 1 6;
  3 : 4 5 6;
  4 : 3 5 6;
  5 : 3 4 6;
  6 : 1 2 3 4 5;

Graph 510, order 7.
  0 : 2 6;
  1 : 2 6;
  2 : 0 1;
  3 : 4 5;
  4 : 3 5 6;
  5 : 3 4 6;
  6 : 0 1 4 5;

Graph 511, order 7.
  0 : 2 6;
  1 : 2 6;
  2 : 0 1;
  3 : 4 5 6;
  4 : 3 5 6;
  5 : 3 4 6;
  6 : 0 1 3 4 5;

Graph 512, order 7.
  0 : 2 6;
  1 : 2 6;
  2 : 0 1 6;
  3 : 4 5 6;
  4 : 3 5 6;
  5 : 3 4 6;
  6 : 0 1 2 3 4 5;

Graph 513, order 7.
  0 : 2 6;
  1 : 2 6;
  2 : 0 1 5;
  3 : 4 5 6;
  4 : 3 5 6;
  5 : 2 3 4;
  6 : 0 1 3 4;

Graph 514, order 7.
  0 : 2 6;
  1 : 2 6;
  2 : 0 1 5;
  3 : 4 5 6;
  4 : 3 5 6;
  5 : 2 3 4 6;
  6 : 0 1 3 4 5;

Graph 515, order 7.
  0 : 2;
  1 : 2 5;
  2 : 0 1 6;
  3 : 4 5 6;
  4 : 3 5 6;
  5 : 1 3 4 6;
  6 : 2 3 4 5;

Graph 516, order 7.
  0 : 2 6;
  1 : 2 5;
  2 : 0 1 6;
  3 : 4 5 6;
  4 : 3 5 6;
  5 : 1 3 4;
  6 : 0 2 3 4;

Graph 517, order 7.
  0 : 2 5;
  1 : 2 6;
  2 : 0 1 6;
  3 : 4 5 6;
  4 : 3 5 6;
  5 : 0 3 4 6;
  6 : 1 2 3 4 5;

Graph 518, order 7.
  0 : 2 4;
  1 : 2 5;
  2 : 0 1 6;
  3 : 4 5 6;
  4 : 0 3 5 6;
  5 : 1 3 4 6;
  6 : 2 3 4 5;

Graph 519, order 7.
  0 : 2;
  1 : 2 3;
  2 : 0 1 6;
  3 : 1 4 5;
  4 : 3 5 6;
  5 : 3 4 6;
  6 : 2 4 5;

Graph 520, order 7.
  0 : 2 3;
  1 : 2 4;
  2 : 0 1 6;
  3 : 0 5 6;
  4 : 1 5 6;
  5 : 3 4 6;
  6 : 2 3 4 5;

Graph 521, order 7.
  0 : 2 3 5;
  1 : 2 4 6;
  2 : 0 1 3 4;
  3 : 0 2 5 6;
  4 : 1 2 5 6;
  5 : 0 3 4 6;
  6 : 1 3 4 5;

Graph 522, order 7.
  0 : 1 5;
  1 : 0 6;
  2 : 5 6;
  3 : 5 6;
  4 : 5 6;
  5 : 0 2 3 4;
  6 : 1 2 3 4;

Graph 523, order 7.
  0 : 1 5;
  1 : 0 6;
  2 : 5 6;
  3 : 5 6;
  4 : 5 6;
  5 : 0 2 3 4 6;
  6 : 1 2 3 4 5;

Graph 524, order 7.
  0 : 1 6;
  1 : 0 6;
  2 : 5 6;
  3 : 4 5;
  4 : 3 5 6;
  5 : 2 3 4;
  6 : 0 1 2 4;

Graph 525, order 7.
  0 : 1 6;
  1 : 0 6;
  2 : 5 6;
  3 : 4 5 6;
  4 : 3 5 6;
  5 : 2 3 4;
  6 : 0 1 2 3 4;

Graph 526, order 7.
  0 : 1 5;
  1 : 0 6;
  2 : 5 6;
  3 : 4 5 6;
  4 : 3 5 6;
  5 : 0 2 3 4;
  6 : 1 2 3 4;

Graph 527, order 7.
  0 : 1 5;
  1 : 0 6;
  2 : 5 6;
  3 : 4 5 6;
  4 : 3 5 6;
  5 : 0 2 3 4 6;
  6 : 1 2 3 4 5;

Graph 528, order 7.
  0 : 1;
  1 : 0 6;
  2 : 4 6;
  3 : 5 6;
  4 : 2 5;
  5 : 3 4;
  6 : 1 2 3;

Graph 529, order 7.
  0 : 1;
  1 : 0 6;
  2 : 4 6;
  3 : 5 6;
  4 : 2 5 6;
  5 : 3 4 6;
  6 : 1 2 3 4 5;

Graph 530, order 7.
  0 : 1 6;
  1 : 0 6;
  2 : 4 6;
  3 : 5 6;
  4 : 2 5;
  5 : 3 4;
  6 : 0 1 2 3;

Graph 531, order 7.
  0 : 1 6;
  1 : 0 6;
  2 : 4 6;
  3 : 5 6;
  4 : 2 5 6;
  5 : 3 4 6;
  6 : 0 1 2 3 4 5;

Graph 532, order 7.
  0 : 1;
  1 : 0 6;
  2 : 4 5;
  3 : 4 5 6;
  4 : 2 3 6;
  5 : 2 3 6;
  6 : 1 3 4 5;

Graph 533, order 7.
  0 : 1 6;
  1 : 0 6;
  2 : 4 5;
  3 : 4 5;
  4 : 2 3 6;
  5 : 2 3 6;
  6 : 0 1 4 5;

Graph 534, order 7.
  0 : 1;
  1 : 0 6;
  2 : 4 5;
  3 : 4 5 6;
  4 : 2 3 5 6;
  5 : 2 3 4 6;
  6 : 1 3 4 5;

Graph 535, order 7.
  0 : 1;
  1 : 0 6;
  2 : 4 5 6;
  3 : 4 5 6;
  4 : 2 3 5 6;
  5 : 2 3 4 6;
  6 : 1 2 3 4 5;

Graph 536, order 7.
  0 : 1 6;
  1 : 0 6;
  2 : 4 5;
  3 : 4 5 6;
  4 : 2 3 5 6;
  5 : 2 3 4 6;
  6 : 0 1 3 4 5;

Graph 537, order 7.
  0 : 1 6;
  1 : 0 6;
  2 : 4 5 6;
  3 : 4 5 6;
  4 : 2 3 5;
  5 : 2 3 4;
  6 : 0 1 2 3;

Graph 538, order 7.
  0 : 1 6;
  1 : 0 6;
  2 : 4 5 6;
  3 : 4 5 6;
  4 : 2 3 5;
  5 : 2 3 4 6;
  6 : 0 1 2 3 5;

Graph 539, order 7.
  0 : 1 6;
  1 : 0 6;
  2 : 4 5 6;
  3 : 4 5 6;
  4 : 2 3 5 6;
  5 : 2 3 4 6;
  6 : 0 1 2 3 4 5;

Graph 540, order 7.
  0 : 1;
  1 : 0 5;
  2 : 4 5 6;
  3 : 4 5 6;
  4 : 2 3 6;
  5 : 1 2 3 6;
  6 : 2 3 4 5;

Graph 541, order 7.
  0 : 1;
  1 : 0 5 6;
  2 : 4 5 6;
  3 : 4 5 6;
  4 : 2 3 6;
  5 : 1 2 3;
  6 : 1 2 3 4;

Graph 542, order 7.
  0 : 1;
  1 : 0 5 6;
  2 : 4 5 6;
  3 : 4 5 6;
  4 : 2 3 6;
  5 : 1 2 3 6;
  6 : 1 2 3 4 5;

Graph 543, order 7.
  0 : 1 6;
  1 : 0 5;
  2 : 4 5 6;
  3 : 4 5 6;
  4 : 2 3 6;
  5 : 1 2 3;
  6 : 0 2 3 4;

Graph 544, order 7.
  0 : 1 6;
  1 : 0 5 6;
  2 : 4 5 6;
  3 : 4 5 6;
  4 : 2 3 6;
  5 : 1 2 3;
  6 : 0 1 2 3 4;

Graph 545, order 7.
  0 : 1 6;
  1 : 0 5 6;
  2 : 4 5 6;
  3 : 4 5 6;
  4 : 2 3 6;
  5 : 1 2 3 6;
  6 : 0 1 2 3 4 5;

Graph 546, order 7.
  0 : 1 5;
  1 : 0 6;
  2 : 4 5;
  3 : 4 5 6;
  4 : 2 3 6;
  5 : 0 2 3 6;
  6 : 1 3 4 5;

Graph 547, order 7.
  0 : 1 5;
  1 : 0 6;
  2 : 4 5 6;
  3 : 4 5 6;
  4 : 2 3 6;
  5 : 0 2 3 6;
  6 : 1 2 3 4 5;

Graph 548, order 7.
  0 : 1 5;
  1 : 0 6;
  2 : 4 5 6;
  3 : 4 5 6;
  4 : 2 3 5 6;
  5 : 0 2 3 4 6;
  6 : 1 2 3 4 5;

Graph 549, order 7.
  0 : 1 5;
  1 : 0 5;
  2 : 4 6;
  3 : 4 5 6;
  4 : 2 3 6;
  5 : 0 1 3 6;
  6 : 2 3 4 5;

Graph 550, order 7.
  0 : 1 5;
  1 : 0 5 6;
  2 : 4 5 6;
  3 : 4 5 6;
  4 : 2 3 6;
  5 : 0 1 2 3;
  6 : 1 2 3 4;

Graph 551, order 7.
  0 : 1 5;
  1 : 0 5 6;
  2 : 4 5 6;
  3 : 4 5 6;
  4 : 2 3 6;
  5 : 0 1 2 3 6;
  6 : 1 2 3 4 5;

Graph 552, order 7.
  0 : 1;
  1 : 0 4;
  2 : 5 6;
  3 : 5 6;
  4 : 1 5 6;
  5 : 2 3 4;
  6 : 2 3 4;

Graph 553, order 7.
  0 : 1;
  1 : 0 4;
  2 : 5 6;
  3 : 5 6;
  4 : 1 5 6;
  5 : 2 3 4 6;
  6 : 2 3 4 5;

Graph 554, order 7.
  0 : 1 4;
  1 : 0 5;
  2 : 5 6;
  3 : 4 6;
  4 : 0 3 5 6;
  5 : 1 2 4 6;
  6 : 2 3 4 5;

Graph 555, order 7.
  0 : 1 4;
  1 : 0 5;
  2 : 4 5 6;
  3 : 4 5 6;
  4 : 0 2 3 6;
  5 : 1 2 3 6;
  6 : 2 3 4 5;

Graph 556, order 7.
  0 : 1 4;
  1 : 0 4;
  2 : 5 6;
  3 : 5 6;
  4 : 0 1 5 6;
  5 : 2 3 4 6;
  6 : 2 3 4 5;

Graph 557, order 7.
  0 : 1;
  1 : 0 6;
  2 : 3 6;
  3 : 2 6;
  4 : 5 6;
  5 : 4 6;
  6 : 1 2 3 4 5;

Graph 558, order 7.
  0 : 1 6;
  1 : 0 6;
  2 : 3 6;
  3 : 2 6;
  4 : 5 6;
  5 : 4 6;
  6 : 0 1 2 3 4 5;

Graph 559, order 7.
  0 : 1 5;
  1 : 0 6;
  2 : 3 6;
  3 : 2 5;
  4 : 5 6;
  5 : 0 3 4;
  6 : 1 2 4;

Graph 560, order 7.
  0 : 1 5;
  1 : 0 6;
  2 : 3 6;
  3 : 2 5;
  4 : 5 6;
  5 : 0 3 4 6;
  6 : 1 2 4 5;

Graph 561, order 7.
  0 : 1 5;
  1 : 0 5;
  2 : 3 6;
  3 : 2 6;
  4 : 5 6;
  5 : 0 1 4;
  6 : 2 3 4;

Graph 562, order 7.
  0 : 1 5;
  1 : 0 5;
  2 : 3 6;
  3 : 2 6;
  4 : 5 6;
  5 : 0 1 4 6;
  6 : 2 3 4 5;

Graph 563, order 7.
  0 : 1;
  1 : 0 6;
  2 : 3 4 6;
  3 : 2 5 6;
  4 : 2 5 6;
  5 : 3 4 6;
  6 : 1 2 3 4 5;

Graph 564, order 7.
  0 : 1 6;
  1 : 0 6;
  2 : 3 4;
  3 : 2 5;
  4 : 2 5 6;
  5 : 3 4 6;
  6 : 0 1 4 5;

Graph 565, order 7.
  0 : 1 6;
  1 : 0 6;
  2 : 3 4;
  3 : 2 5 6;
  4 : 2 5 6;
  5 : 3 4 6;
  6 : 0 1 3 4 5;

Graph 566, order 7.
  0 : 1 6;
  1 : 0 6;
  2 : 3 4 6;
  3 : 2 5 6;
  4 : 2 5 6;
  5 : 3 4 6;
  6 : 0 1 2 3 4 5;

Graph 567, order 7.
  0 : 1 5;
  1 : 0 6;
  2 : 3 4;
  3 : 2 5 6;
  4 : 2 5 6;
  5 : 0 3 4;
  6 : 1 3 4;

Graph 568, order 7.
  0 : 1 5;
  1 : 0 6;
  2 : 3 4;
  3 : 2 5 6;
  4 : 2 5 6;
  5 : 0 3 4 6;
  6 : 1 3 4 5;

Graph 569, order 7.
  0 : 1 6;
  1 : 0 6;
  2 : 3 4 5;
  3 : 2 4 5 6;
  4 : 2 3 5 6;
  5 : 2 3 4 6;
  6 : 0 1 3 4 5;

Graph 570, order 7.
  0 : 1;
  1 : 0 5 6;
  2 : 3 4 6;
  3 : 2 4 5 6;
  4 : 2 3 5 6;
  5 : 1 3 4 6;
  6 : 1 2 3 4 5;

Graph 571, order 7.
  0 : 1 6;
  1 : 0 5 6;
  2 : 3 4 6;
  3 : 2 4 5 6;
  4 : 2 3 5 6;
  5 : 1 3 4 6;
  6 : 0 1 2 3 4 5;

Graph 572, order 7.
  0 : 1 5;
  1 : 0 6;
  2 : 3 4;
  3 : 2 4 6;
  4 : 2 3 5;
  5 : 0 4 6;
  6 : 1 3 5;

Graph 573, order 7.
  0 : 1 5;
  1 : 0 6;
  2 : 3 4;
  3 : 2 4 5 6;
  4 : 2 3 5 6;
  5 : 0 3 4 6;
  6 : 1 3 4 5;

Graph 574, order 7.
  0 : 1 5;
  1 : 0 6;
  2 : 3 4 6;
  3 : 2 4 5 6;
  4 : 2 3 5 6;
  5 : 0 3 4 6;
  6 : 1 2 3 4 5;

Graph 575, order 7.
  0 : 1 5;
  1 : 0 5 6;
  2 : 3 4 6;
  3 : 2 4 5 6;
  4 : 2 3 5 6;
  5 : 0 1 3 4;
  6 : 1 2 3 4;

Graph 576, order 7.
  0 : 1 5;
  1 : 0 5 6;
  2 : 3 4 6;
  3 : 2 4 5 6;
  4 : 2 3 5 6;
  5 : 0 1 3 4 6;
  6 : 1 2 3 4 5;

Graph 577, order 7.
  0 : 1 5 6;
  1 : 0 5 6;
  2 : 3 4 6;
  3 : 2 4 5 6;
  4 : 2 3 5 6;
  5 : 0 1 3 4;
  6 : 0 1 2 3 4;

Graph 578, order 7.
  0 : 1 5 6;
  1 : 0 5 6;
  2 : 3 4 6;
  3 : 2 4 5 6;
  4 : 2 3 5 6;
  5 : 0 1 3 4 6;
  6 : 0 1 2 3 4 5;

Graph 579, order 7.
  0 : 1 5;
  1 : 0 5 6;
  2 : 3 4 5;
  3 : 2 4 6;
  4 : 2 3 6;
  5 : 0 1 2 6;
  6 : 1 3 4 5;

Graph 580, order 7.
  0 : 1 5 6;
  1 : 0 5 6;
  2 : 3 4 5;
  3 : 2 4 6;
  4 : 2 3 6;
  5 : 0 1 2 6;
  6 : 0 1 3 4 5;

Graph 581, order 7.
  0 : 1;
  1 : 0 4;
  2 : 3 5;
  3 : 2 6;
  4 : 1 5 6;
  5 : 2 4 6;
  6 : 3 4 5;

Graph 582, order 7.
  0 : 1 5;
  1 : 0 4 6;
  2 : 3 5 6;
  3 : 2 4 5 6;
  4 : 1 3 5 6;
  5 : 0 2 3 4;
  6 : 1 2 3 4;

Graph 583, order 7.
  0 : 1 6;
  1 : 0 4 6;
  2 : 3 4 5;
  3 : 2 5 6;
  4 : 1 2 5 6;
  5 : 2 3 4 6;
  6 : 0 1 3 4 5;

Graph 584, order 7.
  0 : 1;
  1 : 0 4 5;
  2 : 3 4 6;
  3 : 2 5 6;
  4 : 1 2 5 6;
  5 : 1 3 4 6;
  6 : 2 3 4 5;

Graph 585, order 7.
  0 : 1 6;
  1 : 0 4 5;
  2 : 3 4 6;
  3 : 2 5 6;
  4 : 1 2 5 6;
  5 : 1 3 4 6;
  6 : 0 2 3 4 5;

Graph 586, order 7.
  0 : 1 4;
  1 : 0 5;
  2 : 3 5 6;
  3 : 2 4 6;
  4 : 0 3 5 6;
  5 : 1 2 4 6;
  6 : 2 3 4 5;

Graph 587, order 7.
  0 : 1 4 6;
  1 : 0 5 6;
  2 : 3 5 6;
  3 : 2 4 6;
  4 : 0 3 5;
  5 : 1 2 4;
  6 : 0 1 2 3;

Graph 588, order 7.
  0 : 1 4 6;
  1 : 0 5 6;
  2 : 3 5 6;
  3 : 2 4 6;
  4 : 0 3 5 6;
  5 : 1 2 4 6;
  6 : 0 1 2 3 4 5;

Graph 589, order 7.
  0 : 1 4 6;
  1 : 0 5 6;
  2 : 3 5 6;
  3 : 2 4 5 6;
  4 : 0 3 5 6;
  5 : 1 2 3 4;
  6 : 0 1 2 3 4;

Graph 590, order 7.
  0 : 1 4;
  1 : 0 5 6;
  2 : 3 4 6;
  3 : 2 5 6;
  4 : 0 2 5 6;
  5 : 1 3 4 6;
  6 : 1 2 3 4 5;

Graph 591, order 7.
  0 : 1 4 6;
  1 : 0 5 6;
  2 : 3 4 5;
  3 : 2 4 5;
  4 : 0 2 3 6;
  5 : 1 2 3 6;
  6 : 0 1 4 5;

Graph 592, order 7.
  0 : 1 4;
  1 : 0 4;
  2 : 3 5 6;
  3 : 2 5 6;
  4 : 0 1 5 6;
  5 : 2 3 4 6;
  6 : 2 3 4 5;

Graph 593, order 7.
  0 : 1 4;
  1 : 0 4 6;
  2 : 3 5 6;
  3 : 2 5 6;
  4 : 0 1 5 6;
  5 : 2 3 4 6;
  6 : 1 2 3 4 5;

Graph 594, order 7.
  0 : 1 4 6;
  1 : 0 4 6;
  2 : 3 5 6;
  3 : 2 5 6;
  4 : 0 1 5;
  5 : 2 3 4;
  6 : 0 1 2 3;

Graph 595, order 7.
  0 : 1 4 6;
  1 : 0 4 6;
  2 : 3 5 6;
  3 : 2 5 6;
  4 : 0 1 5 6;
  5 : 2 3 4 6;
  6 : 0 1 2 3 4 5;

Graph 596, order 7.
  0 : 1 4 5;
  1 : 0 4 6;
  2 : 3 5 6;
  3 : 2 5 6;
  4 : 0 1 5 6;
  5 : 0 2 3 4 6;
  6 : 1 2 3 4 5;

Graph 597, order 7.
  0 : 1 6;
  1 : 0 3;
  2 : 4 6;
  3 : 1 5;
  4 : 2 5 6;
  5 : 3 4 6;
  6 : 0 2 4 5;

Graph 598, order 7.
  0 : 1 6;
  1 : 0 3;
  2 : 4 5;
  3 : 1 5 6;
  4 : 2 5 6;
  5 : 2 3 4 6;
  6 : 0 3 4 5;

Graph 599, order 7.
  0 : 1;
  1 : 0 3;
  2 : 4 5 6;
  3 : 1 4 5 6;
  4 : 2 3 5 6;
  5 : 2 3 4 6;
  6 : 2 3 4 5;

Graph 600, order 7.
  0 : 1 4;
  1 : 0 3;
  2 : 4 5 6;
  3 : 1 5 6;
  4 : 0 2 5 6;
  5 : 2 3 4 6;
  6 : 2 3 4 5;

Graph 601, order 7.
  0 : 1 3;
  1 : 0 5 6;
  2 : 4 5 6;
  3 : 0 4 6;
  4 : 2 3 5;
  5 : 1 2 4 6;
  6 : 1 2 3 5;

Graph 602, order 7.
  0 : 1 3;
  1 : 0 4;
  2 : 3 5;
  3 : 0 2 6;
  4 : 1 5 6;
  5 : 2 4 6;
  6 : 3 4 5;

Graph 603, order 7.
  0 : 1 3 6;
  1 : 0 4 6;
  2 : 3 4 5;
  3 : 0 2 5 6;
  4 : 1 2 5 6;
  5 : 2 3 4 6;
  6 : 0 1 3 4 5;

Graph 604, order 7.
  0 : 1 3;
  1 : 0 3;
  2 : 4 5;
  3 : 0 1 6;
  4 : 2 5 6;
  5 : 2 4 6;
  6 : 3 4 5;

Graph 605, order 7.
  0 : 1;
  1 : 0 2;
  2 : 1 5 6;
  3 : 4 5 6;
  4 : 3 5 6;
  5 : 2 3 4 6;
  6 : 2 3 4 5;

Graph 606, order 7.
  0 : 1;
  1 : 0 2 6;
  2 : 1 5 6;
  3 : 4 5 6;
  4 : 3 5 6;
  5 : 2 3 4;
  6 : 1 2 3 4;

Graph 607, order 7.
  0 : 1 6;
  1 : 0 2;
  2 : 1 5 6;
  3 : 4 5 6;
  4 : 3 5 6;
  5 : 2 3 4;
  6 : 0 2 3 4;

Graph 608, order 7.
  0 : 1 6;
  1 : 0 2;
  2 : 1 5 6;
  3 : 4 5 6;
  4 : 3 5 6;
  5 : 2 3 4 6;
  6 : 0 2 3 4 5;

Graph 609, order 7.
  0 : 1 6;
  1 : 0 2 6;
  2 : 1 5 6;
  3 : 4 5 6;
  4 : 3 5 6;
  5 : 2 3 4;
  6 : 0 1 2 3 4;

Graph 610, order 7.
  0 : 1;
  1 : 0 2;
  2 : 1 3 4;
  3 : 2 5 6;
  4 : 2 5 6;
  5 : 3 4 6;
  6 : 3 4 5;

Graph 611, order 7.
  0 : 1 2;
  1 : 0 5;
  2 : 0 6;
  3 : 5 6;
  4 : 5 6;
  5 : 1 3 4;
  6 : 2 3 4;

Graph 612, order 7.
  0 : 1 2;
  1 : 0 5;
  2 : 0 6;
  3 : 5 6;
  4 : 5 6;
  5 : 1 3 4 6;
  6 : 2 3 4 5;

Graph 613, order 7.
  0 : 1 2;
  1 : 0 5;
  2 : 0 6;
  3 : 4 6;
  4 : 3 5;
  5 : 1 4 6;
  6 : 2 3 5;

Graph 614, order 7.
  0 : 1 2;
  1 : 0 5;
  2 : 0 6;
  3 : 4 5 6;
  4 : 3 5 6;
  5 : 1 3 4 6;
  6 : 2 3 4 5;

Graph 615, order 7.
  0 : 1 2;
  1 : 0 5;
  2 : 0 5;
  3 : 4 6;
  4 : 3 6;
  5 : 1 2 6;
  6 : 3 4 5;

Graph 616, order 7.
  0 : 1 2;
  1 : 0 5 6;
  2 : 0 5 6;
  3 : 4 5 6;
  4 : 3 5 6;
  5 : 1 2 3 4;
  6 : 1 2 3 4;

Graph 617, order 7.
  0 : 1 2;
  1 : 0 5 6;
  2 : 0 5 6;
  3 : 4 5 6;
  4 : 3 5 6;
  5 : 1 2 3 4 6;
  6 : 1 2 3 4 5;

Graph 618, order 7.
  0 : 1 2;
  1 : 0 4 6;
  2 : 0 5 6;
  3 : 4 5 6;
  4 : 1 3 5 6;
  5 : 2 3 4 6;
  6 : 1 2 3 4 5;

Graph 619, order 7.
  0 : 1 2 6;
  1 : 0 4 6;
  2 : 0 5 6;
  3 : 4 5 6;
  4 : 1 3 5;
  5 : 2 3 4;
  6 : 0 1 2 3;

Graph 620, order 7.
  0 : 1 2 6;
  1 : 0 4 6;
  2 : 0 5 6;
  3 : 4 5 6;
  4 : 1 3 5 6;
  5 : 2 3 4 6;
  6 : 0 1 2 3 4 5;

Graph 621, order 7.
  0 : 1 2 5;
  1 : 0 4 6;
  2 : 0 4 5;
  3 : 4 5 6;
  4 : 1 2 3 6;
  5 : 0 2 3 6;
  6 : 1 3 4 5;

Graph 622, order 7.
  0 : 1 2;
  1 : 0 3;
  2 : 0 6;
  3 : 1 5;
  4 : 5 6;
  5 : 3 4 6;
  6 : 2 4 5;

Graph 623, order 7.
  0 : 1 2;
  1 : 0 3;
  2 : 0 5 6;
  3 : 1 4 6;
  4 : 3 5 6;
  5 : 2 4 6;
  6 : 2 3 4 5;

Graph 624, order 7.
  0 : 1 2;
  1 : 0 3;
  2 : 0 4;
  3 : 1 6;
  4 : 2 5;
  5 : 4 6;
  6 : 3 5;

Graph 625, order 7.
  0 : 1 2;
  1 : 0 3;
  2 : 0 4;
  3 : 1 5 6;
  4 : 2 5 6;
  5 : 3 4 6;
  6 : 3 4 5;

Graph 626, order 7.
  0 : 1 2;
  1 : 0 3 6;
  2 : 0 4 6;
  3 : 1 5 6;
  4 : 2 5 6;
  5 : 3 4 6;
  6 : 1 2 3 4 5;

Graph 627, order 7.
  0 : 1 2 6;
  1 : 0 3 6;
  2 : 0 4 6;
  3 : 1 5 6;
  4 : 2 5 6;
  5 : 3 4 6;
  6 : 0 1 2 3 4 5;

Graph 628, order 7.
  0 : 1 2;
  1 : 0 3 5;
  2 : 0 4 6;
  3 : 1 5 6;
  4 : 2 5 6;
  5 : 1 3 4 6;
  6 : 2 3 4 5;

Graph 629, order 7.
  0 : 1 2 6;
  1 : 0 3 5 6;
  2 : 0 4 5 6;
  3 : 1 4 5 6;
  4 : 2 3 5 6;
  5 : 1 2 3 4;
  6 : 0 1 2 3 4;

Graph 630, order 7.
  0 : 1 2;
  1 : 0 3 4;
  2 : 0 5 6;
  3 : 1 4 5;
  4 : 1 3 6;
  5 : 2 3 6;
  6 : 2 4 5;

Graph 631, order 7.
  0 : 1 2 4;
  1 : 0 3 5;
  2 : 0 4 6;
  3 : 1 5 6;
  4 : 0 2 5 6;
  5 : 1 3 4 6;
  6 : 2 3 4 5;

Graph 632, order 7.
  0 : 1 2;
  1 : 0 3 4;
  2 : 0 3 5;
  3 : 1 2 6;
  4 : 1 5 6;
  5 : 2 4 6;
  6 : 3 4 5;

Graph 633, order 7.
  0 : 1 2;
  1 : 0 3 4 5;
  2 : 0 3 4 6;
  3 : 1 2 5 6;
  4 : 1 2 5 6;
  5 : 1 3 4 6;
  6 : 2 3 4 5;

Graph 634, order 7.
  0 : 1 2 3;
  1 : 0 4 5;
  2 : 0 4 6;
  3 : 0 5 6;
  4 : 1 2 5 6;
  5 : 1 3 4 6;
  6 : 2 3 4 5;

Graph 635, order 7.
  0 : 1 2 3;
  1 : 0 4 5;
  2 : 0 3 4 6;
  3 : 0 2 5 6;
  4 : 1 2 5 6;
  5 : 1 3 4 6;
  6 : 2 3 4 5;

Graph 636, order 7.
  0 : 1 2;
  1 : 0 2;
  2 : 0 1 6;
  3 : 4 5 6;
  4 : 3 5 6;
  5 : 3 4 6;
  6 : 2 3 4 5;

Graph 637, order 7.
  0 : 1 2;
  1 : 0 2 6;
  2 : 0 1 6;
  3 : 4 5 6;
  4 : 3 5 6;
  5 : 3 4 6;
  6 : 1 2 3 4 5;

Graph 638, order 7.
  0 : 1 2 6;
  1 : 0 2 6;
  2 : 0 1 6;
  3 : 4 5 6;
  4 : 3 5 6;
  5 : 3 4 6;
  6 : 0 1 2 3 4 5;

Graph 639, order 7.
  0 : 1 2;
  1 : 0 2 5;
  2 : 0 1 6;
  3 : 4 5 6;
  4 : 3 5 6;
  5 : 1 3 4 6;
  6 : 2 3 4 5;

Graph 640, order 7.
  0 : 1 2 4;
  1 : 0 2 5;
  2 : 0 1 6;
  3 : 4 5 6;
  4 : 0 3 5 6;
  5 : 1 3 4 6;
  6 : 2 3 4 5;

Graph 641, order 7.
  0 : 1 2;
  1 : 0 2 3;
  2 : 0 1 4;
  3 : 1 5 6;
  4 : 2 5 6;
  5 : 3 4 6;
  6 : 3 4 5;

Graph 642, order 7.
  0 : 1 2 3 4 5 6;
  1 : 0 2 5 6;
  2 : 0 1 3 4 5;
  3 : 0 2 4;
  4 : 0 2 3 5;
  5 : 0 1 2 4 6;
  6 : 0 1 5;

Graph 643, order 7.
  0 : 1 2 3 4 5 6;
  1 : 0 2 3 6;
  2 : 0 1 3;
  3 : 0 1 2 4 5 6;
  4 : 0 3 5;
  5 : 0 3 4 6;
  6 : 0 1 3 5;

Graph 644, order 7.
  0 : 1 2 3 4 5 6;
  1 : 0 2 3 5 6;
  2 : 0 1 3;
  3 : 0 1 2 4 5;
  4 : 0 3 5;
  5 : 0 1 3 4 6;
  6 : 0 1 5;

Graph 645, order 7.
  0 : 1 2 3 4 5;
  1 : 0 2 5 6;
  2 : 0 1 3 6;
  3 : 0 2 4 6;
  4 : 0 3 5 6;
  5 : 0 1 4 6;
  6 : 1 2 3 4 5;

Graph 646, order 7.
  0 : 1 2 3 4;
  1 : 0 2 4 5 6;
  2 : 0 1 3 6;
  3 : 0 2 4 6;
  4 : 0 1 3 5 6;
  5 : 1 4 6;
  6 : 1 2 3 4 5;
