
Graph 1, order 6.
  0 : 5;
  1 : 5;
  2 : 5;
  3 : 5;
  4 : 5;
  5 : 0 1 2 3 4;

Graph 2, order 6.
  0 : 5;
  1 : 5;
  2 : 5;
  3 : 4 5;
  4 : 3 5;
  5 : 0 1 2 3 4;

Graph 3, order 6.
  0 : 5;
  1 : 5;
  2 : 4;
  3 : 4 5;
  4 : 2 3;
  5 : 0 1 3;

Graph 4, order 6.
  0 : 5;
  1 : 5;
  2 : 4 5;
  3 : 4 5;
  4 : 2 3;
  5 : 0 1 2 3;

Graph 5, order 6.
  0 : 5;
  1 : 5;
  2 : 4 5;
  3 : 4 5;
  4 : 2 3 5;
  5 : 0 1 2 3 4;

Graph 6, order 6.
  0 : 5;
  1 : 4 5;
  2 : 4 5;
  3 : 4 5;
  4 : 1 2 3;
  5 : 0 1 2 3;

Graph 7, order 6.
  0 : 5;
  1 : 4 5;
  2 : 4 5;
  3 : 4 5;
  4 : 1 2 3 5;
  5 : 0 1 2 3 4;

Graph 8, order 6.
  0 : 4;
  1 : 5;
  2 : 5;
  3 : 5;
  4 : 0 5;
  5 : 1 2 3 4;

Graph 9, order 6.
  0 : 4;
  1 : 5;
  2 : 5;
  3 : 4;
  4 : 0 3 5;
  5 : 1 2 4;

Graph 10, order 6.
  0 : 4;
  1 : 5;
  2 : 5;
  3 : 4 5;
  4 : 0 3 5;
  5 : 1 2 3 4;

Graph 11, order 6.
  0 : 4;
  1 : 5;
  2 : 4 5;
  3 : 4 5;
  4 : 0 2 3;
  5 : 1 2 3;

Graph 12, order 6.
  0 : 4;
  1 : 5;
  2 : 4 5;
  3 : 4 5;
  4 : 0 2 3 5;
  5 : 1 2 3 4;

Graph 13, order 6.
  0 : 4 5;
  1 : 4 5;
  2 : 4 5;
  3 : 4 5;
  4 : 0 1 2 3;
  5 : 0 1 2 3;

Graph 14, order 6.
  0 : 4 5;
  1 : 4 5;
  2 : 4 5;
  3 : 4 5;
  4 : 0 1 2 3 5;
  5 : 0 1 2 3 4;

Graph 15, order 6.
  0 : 5;
  1 : 5;
  2 : 3 4;
  3 : 2 4 5;
  4 : 2 3 5;
  5 : 0 1 3 4;

Graph 16, order 6.
  0 : 5;
  1 : 5;
  2 : 3 4 5;
  3 : 2 4 5;
  4 : 2 3 5;
  5 : 0 1 2 3 4;

Graph 17, order 6.
  0 : 5;
  1 : 4 5;
  2 : 3 4;
  3 : 2 5;
  4 : 1 2 5;
  5 : 0 1 3 4;

Graph 18, order 6.
  0 : 5;
  1 : 4 5;
  2 : 3 4 5;
  3 : 2 4 5;
  4 : 1 2 3 5;
  5 : 0 1 2 3 4;

Graph 19, order 6.
  0 : 4;
  1 : 5;
  2 : 3 5;
  3 : 2 4;
  4 : 0 3 5;
  5 : 1 2 4;

Graph 20, order 6.
  0 : 4;
  1 : 5;
  2 : 3 5;
  3 : 2 4 5;
  4 : 0 3 5;
  5 : 1 2 3 4;

Graph 21, order 6.
  0 : 4;
  1 : 5;
  2 : 3 4 5;
  3 : 2 4 5;
  4 : 0 2 3 5;
  5 : 1 2 3 4;

Graph 22, order 6.
  0 : 4;
  1 : 4;
  2 : 3 5;
  3 : 2 5;
  4 : 0 1 5;
  5 : 2 3 4;

Graph 23, order 6.
  0 : 4;
  1 : 4 5;
  2 : 3 5;
  3 : 2 5;
  4 : 0 1;
  5 : 1 2 3;

Graph 24, order 6.
  0 : 4;
  1 : 4 5;
  2 : 3 5;
  3 : 2 5;
  4 : 0 1 5;
  5 : 1 2 3 4;

Graph 25, order 6.
  0 : 4 5;
  1 : 4 5;
  2 : 3 5;
  3 : 2 5;
  4 : 0 1;
  5 : 0 1 2 3;

Graph 26, order 6.
  0 : 4 5;
  1 : 4 5;
  2 : 3 5;
  3 : 2 5;
  4 : 0 1 5;
  5 : 0 1 2 3 4;

Graph 27, order 6.
  0 : 4;
  1 : 4 5;
  2 : 3 5;
  3 : 2 4 5;
  4 : 0 1 3;
  5 : 1 2 3;

Graph 28, order 6.
  0 : 4 5;
  1 : 4 5;
  2 : 3 5;
  3 : 2 4 5;
  4 : 0 1 3;
  5 : 0 1 2 3;

Graph 29, order 6.
  0 : 4 5;
  1 : 4 5;
  2 : 3 4 5;
  3 : 2 4 5;
  4 : 0 1 2 3;
  5 : 0 1 2 3;

Graph 30, order 6.
  0 : 4 5;
  1 : 4 5;
  2 : 3 4 5;
  3 : 2 4 5;
  4 : 0 1 2 3 5;
  5 : 0 1 2 3 4;

Graph 31, order 6.
  0 : 5;
  1 : 3;
  2 : 4;
  3 : 1 5;
  4 : 2 5;
  5 : 0 3 4;

Graph 32, order 6.
  0 : 5;
  1 : 3 5;
  2 : 4 5;
  3 : 1 4;
  4 : 2 3;
  5 : 0 1 2;

Graph 33, order 6.
  0 : 5;
  1 : 3 5;
  2 : 4 5;
  3 : 1 4 5;
  4 : 2 3 5;
  5 : 0 1 2 3 4;

Graph 34, order 6.
  0 : 4;
  1 : 3;
  2 : 4 5;
  3 : 1 5;
  4 : 0 2 5;
  5 : 2 3 4;

Graph 35, order 6.
  0 : 4;
  1 : 3 5;
  2 : 4 5;
  3 : 1 4 5;
  4 : 0 2 3 5;
  5 : 1 2 3 4;

Graph 36, order 6.
  0 : 5;
  1 : 3 4;
  2 : 3 4 5;
  3 : 1 2 4 5;
  4 : 1 2 3 5;
  5 : 0 2 3 4;

Graph 37, order 6.
  0 : 5;
  1 : 3 4 5;
  2 : 3 4 5;
  3 : 1 2 4 5;
  4 : 1 2 3 5;
  5 : 0 1 2 3 4;

Graph 38, order 6.
  0 : 4;
  1 : 3 4 5;
  2 : 3 4 5;
  3 : 1 2 5;
  4 : 0 1 2 5;
  5 : 1 2 3 4;

Graph 39, order 6.
  0 : 4 5;
  1 : 3 4;
  2 : 3 4 5;
  3 : 1 2 5;
  4 : 0 1 2 5;
  5 : 0 2 3 4;

Graph 40, order 6.
  0 : 4 5;
  1 : 3 4 5;
  2 : 3 4 5;
  3 : 1 2 5;
  4 : 0 1 2;
  5 : 0 1 2 3;

Graph 41, order 6.
  0 : 4 5;
  1 : 3 4 5;
  2 : 3 4 5;
  3 : 1 2 5;
  4 : 0 1 2 5;
  5 : 0 1 2 3 4;

Graph 42, order 6.
  0 : 4 5;
  1 : 3 4 5;
  2 : 3 4 5;
  3 : 1 2 4 5;
  4 : 0 1 2 3 5;
  5 : 0 1 2 3 4;

Graph 43, order 6.
  0 : 3;
  1 : 4;
  2 : 5;
  3 : 0 4 5;
  4 : 1 3 5;
  5 : 2 3 4;

Graph 44, order 6.
  0 : 3;
  1 : 4 5;
  2 : 4 5;
  3 : 0 5;
  4 : 1 2 5;
  5 : 1 2 3 4;

Graph 45, order 6.
  0 : 3;
  1 : 4 5;
  2 : 4 5;
  3 : 0 4 5;
  4 : 1 2 3;
  5 : 1 2 3;

Graph 46, order 6.
  0 : 3;
  1 : 4 5;
  2 : 4 5;
  3 : 0 4 5;
  4 : 1 2 3 5;
  5 : 1 2 3 4;

Graph 47, order 6.
  0 : 3 5;
  1 : 4 5;
  2 : 4 5;
  3 : 0 4 5;
  4 : 1 2 3 5;
  5 : 0 1 2 3 4;

Graph 48, order 6.
  0 : 3 5;
  1 : 4 5;
  2 : 3 4;
  3 : 0 2 5;
  4 : 1 2 5;
  5 : 0 1 3 4;

Graph 49, order 6.
  0 : 3 5;
  1 : 4 5;
  2 : 3 4 5;
  3 : 0 2 4 5;
  4 : 1 2 3 5;
  5 : 0 1 2 3 4;

Graph 50, order 6.
  0 : 3 4;
  1 : 3 5;
  2 : 4 5;
  3 : 0 1 4 5;
  4 : 0 2 3 5;
  5 : 1 2 3 4;

Graph 51, order 6.
  0 : 3 4;
  1 : 3 4 5;
  2 : 3 4 5;
  3 : 0 1 2 5;
  4 : 0 1 2 5;
  5 : 1 2 3 4;

Graph 52, order 6.
  0 : 5;
  1 : 2;
  2 : 1 5;
  3 : 4 5;
  4 : 3 5;
  5 : 0 2 3 4;

Graph 53, order 6.
  0 : 5;
  1 : 2 5;
  2 : 1 5;
  3 : 4 5;
  4 : 3 5;
  5 : 0 1 2 3 4;

Graph 54, order 6.
  0 : 5;
  1 : 2 5;
  2 : 1 3 4;
  3 : 2 4 5;
  4 : 2 3 5;
  5 : 0 1 3 4;

Graph 55, order 6.
  0 : 4;
  1 : 2 5;
  2 : 1 3 5;
  3 : 2 4 5;
  4 : 0 3 5;
  5 : 1 2 3 4;

Graph 56, order 6.
  0 : 5;
  1 : 2 3;
  2 : 1 4 5;
  3 : 1 4 5;
  4 : 2 3 5;
  5 : 0 2 3 4;

Graph 57, order 6.
  0 : 5;
  1 : 2 3 5;
  2 : 1 4 5;
  3 : 1 4 5;
  4 : 2 3 5;
  5 : 0 1 2 3 4;

Graph 58, order 6.
  0 : 4 5;
  1 : 2 3;
  2 : 1 4 5;
  3 : 1 4 5;
  4 : 0 2 3 5;
  5 : 0 2 3 4;

Graph 59, order 6.
  0 : 5;
  1 : 2 3 4;
  2 : 1 3 4 5;
  3 : 1 2 4 5;
  4 : 1 2 3 5;
  5 : 0 2 3 4;

Graph 60, order 6.
  0 : 4 5;
  1 : 2 3 5;
  2 : 1 3 4 5;
  3 : 1 2 4 5;
  4 : 0 2 3 5;
  5 : 0 1 2 3 4;

Graph 61, order 6.
  0 : 3;
  1 : 2 4;
  2 : 1 5;
  3 : 0 4 5;
  4 : 1 3 5;
  5 : 2 3 4;

Graph 62, order 6.
  0 : 3 4;
  1 : 2 3 5;
  2 : 1 4 5;
  3 : 0 1 4 5;
  4 : 0 2 3 5;
  5 : 1 2 3 4;

Graph 63, order 6.
  0 : 2;
  1 : 3;
  2 : 0 5;
  3 : 1 4;
  4 : 3 5;
  5 : 2 4;

Graph 64, order 6.
  0 : 2;
  1 : 3;
  2 : 0 4 5;
  3 : 1 4 5;
  4 : 2 3 5;
  5 : 2 3 4;

Graph 65, order 6.
  0 : 2 5;
  1 : 3 5;
  2 : 0 4;
  3 : 1 4 5;
  4 : 2 3 5;
  5 : 0 1 3 4;

Graph 66, order 6.
  0 : 2 5;
  1 : 3 5;
  2 : 0 4 5;
  3 : 1 4 5;
  4 : 2 3 5;
  5 : 0 1 2 3 4;

Graph 67, order 6.
  0 : 2 4;
  1 : 3 5;
  2 : 0 4 5;
  3 : 1 4 5;
  4 : 0 2 3 5;
  5 : 1 2 3 4;

Graph 68, order 6.
  0 : 2 4 5;
  1 : 3 4 5;
  2 : 0 3 4 5;
  3 : 1 2 4 5;
  4 : 0 1 2 3 5;
  5 : 0 1 2 3 4;

Graph 69, order 6.
  0 : 2 3;
  1 : 4 5;
  2 : 0 4 5;
  3 : 0 4 5;
  4 : 1 2 3;
  5 : 1 2 3;

Graph 70, order 6.
  0 : 2 3;
  1 : 4 5;
  2 : 0 3 4;
  3 : 0 2 5;
  4 : 1 2 5;
  5 : 1 3 4;

Graph 71, order 6.
  0 : 2 3;
  1 : 4 5;
  2 : 0 3 4 5;
  3 : 0 2 4 5;
  4 : 1 2 3 5;
  5 : 1 2 3 4;

Graph 72, order 6.
  0 : 2 3;
  1 : 3 4 5;
  2 : 0 4 5;
  3 : 0 1 4 5;
  4 : 1 2 3 5;
  5 : 1 2 3 4;

Graph 73, order 6.
  0 : 2 3;
  1 : 2 4;
  2 : 0 1 5;
  3 : 0 4 5;
  4 : 1 3 5;
  5 : 2 3 4;

Graph 74, order 6.
  0 : 2 3 4;
  1 : 2 3 5;
  2 : 0 1 4 5;
  3 : 0 1 4 5;
  4 : 0 2 3 5;
  5 : 1 2 3 4;

Graph 75, order 6.
  0 : 1;
  1 : 0 5;
  2 : 4 5;
  3 : 4 5;
  4 : 2 3;
  5 : 1 2 3;

Graph 76, order 6.
  0 : 1 4;
  1 : 0 5;
  2 : 4 5;
  3 : 4 5;
  4 : 0 2 3;
  5 : 1 2 3;

Graph 77, order 6.
  0 : 1 4;
  1 : 0 5;
  2 : 4 5;
  3 : 4 5;
  4 : 0 2 3 5;
  5 : 1 2 3 4;

Graph 78, order 6.
  0 : 1;
  1 : 0 5;
  2 : 3 4;
  3 : 2 4 5;
  4 : 2 3 5;
  5 : 1 3 4;

Graph 79, order 6.
  0 : 1;
  1 : 0 5;
  2 : 3 4 5;
  3 : 2 4 5;
  4 : 2 3 5;
  5 : 1 2 3 4;

Graph 80, order 6.
  0 : 1 5;
  1 : 0 5;
  2 : 3 4;
  3 : 2 4 5;
  4 : 2 3 5;
  5 : 0 1 3 4;

Graph 81, order 6.
  0 : 1 5;
  1 : 0 5;
  2 : 3 4 5;
  3 : 2 4 5;
  4 : 2 3 5;
  5 : 0 1 2 3 4;

Graph 82, order 6.
  0 : 1;
  1 : 0 4 5;
  2 : 3 4 5;
  3 : 2 4 5;
  4 : 1 2 3 5;
  5 : 1 2 3 4;

Graph 83, order 6.
  0 : 1 5;
  1 : 0 4 5;
  2 : 3 4 5;
  3 : 2 4 5;
  4 : 1 2 3;
  5 : 0 1 2 3;

Graph 84, order 6.
  0 : 1 5;
  1 : 0 4 5;
  2 : 3 4 5;
  3 : 2 4 5;
  4 : 1 2 3 5;
  5 : 0 1 2 3 4;

Graph 85, order 6.
  0 : 1 4;
  1 : 0 5;
  2 : 3 5;
  3 : 2 4;
  4 : 0 3 5;
  5 : 1 2 4;

Graph 86, order 6.
  0 : 1 4;
  1 : 0 5;
  2 : 3 4 5;
  3 : 2 4 5;
  4 : 0 2 3 5;
  5 : 1 2 3 4;

Graph 87, order 6.
  0 : 1 4;
  1 : 0 4;
  2 : 3 5;
  3 : 2 5;
  4 : 0 1 5;
  5 : 2 3 4;

Graph 88, order 6.
  0 : 1 4 5;
  1 : 0 4 5;
  2 : 3 4 5;
  3 : 2 4 5;
  4 : 0 1 2 3;
  5 : 0 1 2 3;

Graph 89, order 6.
  0 : 1 4 5;
  1 : 0 4 5;
  2 : 3 4 5;
  3 : 2 4 5;
  4 : 0 1 2 3 5;
  5 : 0 1 2 3 4;

Graph 90, order 6.
  0 : 1 3 5;
  1 : 0 4 5;
  2 : 3 4 5;
  3 : 0 2 4 5;
  4 : 1 2 3 5;
  5 : 0 1 2 3 4;

Graph 91, order 6.
  0 : 1;
  1 : 0 2 3;
  2 : 1 4 5;
  3 : 1 4 5;
  4 : 2 3 5;
  5 : 2 3 4;

Graph 92, order 6.
  0 : 1 2;
  1 : 0 4;
  2 : 0 5;
  3 : 4 5;
  4 : 1 3 5;
  5 : 2 3 4;

Graph 93, order 6.
  0 : 1 2;
  1 : 0 3;
  2 : 0 4;
  3 : 1 5;
  4 : 2 5;
  5 : 3 4;

Graph 94, order 6.
  0 : 1 2;
  1 : 0 3;
  2 : 0 4 5;
  3 : 1 4 5;
  4 : 2 3 5;
  5 : 2 3 4;

Graph 95, order 6.
  0 : 1 2;
  1 : 0 3 5;
  2 : 0 4 5;
  3 : 1 4 5;
  4 : 2 3 5;
  5 : 1 2 3 4;

Graph 96, order 6.
  0 : 1 2 5;
  1 : 0 3 5;
  2 : 0 4 5;
  3 : 1 4 5;
  4 : 2 3 5;
  5 : 0 1 2 3 4;

Graph 97, order 6.
  0 : 1 2 4;
  1 : 0 3 5;
  2 : 0 4 5;
  3 : 1 4 5;
  4 : 0 2 3 5;
  5 : 1 2 3 4;

Graph 98, order 6.
  0 : 1 2 3;
  1 : 0 2 4;
  2 : 0 1 5;
  3 : 0 4 5;
  4 : 1 3 5;
  5 : 2 3 4;

Graph 99, order 6.
  0 : 1 2 3 4;
  1 : 0 2 3 5;
  2 : 0 1 4 5;
  3 : 0 1 4 5;
  4 : 0 2 3 5;
  5 : 1 2 3 4;
